        1   0 212
        2   0 204
        3   0 344
        4   0   3
        7   0  10
       12   0   2
       13   0  40
       15   0   3
       18   0 344
       21   0 106
       22   0 103
       23   0  60
       24   0  60
       25   0  60
       26   0  60
       27   0  60
       28   0  60
       29   0  60
       30   0  60
       31   0  40
       32   0  40
       33   0  40
       34   0  40
       35   0  40
       36   0  40
       37   0  40
       38   0  40
       39   0  40
       40   0  40
       41   0   1
       43   0   1
       45   0   4
       47   0  60
       48   0 116
       49   0  61
       50   0  65
       51   0  61
       52   0  61
       53   0 104
       54   0  65
       55   0 154
       56   0 106
       57   0 163
       58   0 141
       59   0  40
       60   0 150
       61   0 141
       62   0 103
       63   0 144
       64   0 162
       65   0  40
       66   0  40
       67   0  40
       68   0  40
       69   0  40
       70   0  40
       71   0  40
       72   0  40
       73   0  40
       74   0  40
       75   0  40
       76   0  40
       77   0  40
       78   0  40
       79   0  40
       80   0  40
       81   0  40
       82   0  40
       83   0  40
       84   0  40
       85   0  40
       86   0  40
       87   0  40
       88   0  40
       89   0  40
       90   0  40
       91   0  40
       92   0  40
       93   0  40
       94   0  40
       95   0   1
      100   0  17
      104   0   2
      107   0   3
      109   0 344
      110   0   3
      111   0  10
      113   0  40
      116   0 344
      117   0   3
      120   0   1
      122   0 344
      123   0   3
      127   0   7
      128   0   4
      129   0   3
      131   0 170
      133   0 170
      135   0 170
      137   0 170
      258   0   3
      259   0 344
      261   0  61
      262   0  61
      263   0  65
      264   0  61
      265   0  70
      266   0 142
