      306   0  40
      307   1  21
      308   0 142
      309   0  61
     8743   0 376
     8744   0 376
     8745   0 376
     8746   0 376
     8747   0 376
     8748   0 376
     8749   0 376
     8750   0 376
     8751   0 376
     8752   0 376
     8753   0 376
     8754   0 376
     8755   0 376
     8756   0 376
     8757   0 376
     8758   0 376
     8759   0 376
     8760   0 376
    73732   0  23
    73733   0   1
    73735   0  21
    73736   0 142
    73737   0  61
    73741   0 142
    73742   0 151
    73743   0 156
    73745   0 332
    73746   0 167
    73747   0 354
    73748   0 337
    73749   0 366
    73750   0 145
    73751   0 373
    73752   0  12
    73753   0 314
    73754   0 355
    73755   0  23
    73756   0 336
    73757   0 355
    73758   0 105
    73759   0 277
    73760   0 323
    77828   0  24
    77829   0   7
    77830   0 210
    77831   0  22
    77832   0 142
    77833   0  61
    77837   0 144
    77838   0 151
    77839   0 162
    77841   0 332
    77842   0 167
    77843   0 354
    77844   0 337
    77845   0 366
    77846   0 145
    77847   0 373
    77848   0  12
    77849   0 314
    77850   0 355
    77851   0  23
    77852   0 336
    77853   0 355
    77854   0 105
    77855   0 277
    77856   0 323
    77860   0  25
    77862   0 246
    77863   0  22
    77864   0 142
    77865   0  61
    77869   0 155
    77870   0 153
    77871   0 144
    77872   0 151
    77873   0 162
    77875   0 354
    77876   0 337
    77877   0 366
    77878   0 145
    77879   0 373
    77880   0  12
    77881   0 314
    77882   0 355
    77883   0  23
    77884   0 336
    77885   0 355
    77886   0 105
    77887   0 277
    77888   0 323
    77892   0  26
    77894   0 244
    77895   0  22
    77896   0 142
    77897   0  61
    77901   0 143
    77902   0 150
    77903   0 144
    77904   0 151
    77905   0 162
    77907   0 354
    77908   0 337
    77909   0 366
    77910   0 145
    77911   0 373
    77912   0  12
    77913   0 314
    77914   0 355
    77915   0  23
    77916   0 336
    77917   0 355
    77918   0 105
    77919   0 277
    77920   0 323
    77924   0  27
    77925   0   1
    77926   0  64
    77927   0  22
    77928   0 142
    77929   0  61
    77933   0 151
    77934   0 156
    77935   0 163
    77936   0 164
    77937   0 141
    77938   0 154
    77939   0 154
    77941   0 366
    77942   0 145
    77943   0 373
    77944   0  12
    77945   0 314
    77946   0 355
    77947   0  23
    77948   0 336
    77949   0 355
    77950   0 105
    77951   0 277
    77952   0 323
    77956   0  30
    77957   0   1
    77958   0 237
    77959   0  22
    77960   0 142
    77961   0  61
    77965   0 143
    77966   0 162
    77967   0 143
    77969   0 141
    77970   0 154
    77971   0 154
    77973   0 366
    77974   0 145
    77975   0 373
    77976   0  12
    77977   0 314
    77978   0 355
    77979   0  23
    77980   0 336
    77981   0 355
    77982   0 105
    77983   0 277
    77984   0 323
    77988   0  31
    77989   0   1
    77990   0 340
    77991   0  22
    77992   0 142
    77993   0  61
    77997   0 143
    77998   0 157
    77999   0 160
    78000   0 171
    78002   0 154
    78003   0 154
    78005   0 366
    78006   0 145
    78007   0 373
    78008   0  12
    78009   0 314
    78010   0 355
    78011   0  23
    78012   0 336
    78013   0 355
    78014   0 105
    78015   0 277
    78016   0 323
    78020   0  32
    78021   0   3
    78022   0 166
    78023   0  22
    78024   0 142
    78025   0  61
    78029   0 154
    78030   0 142
    78031   0 162
    78034   0 154
    78035   0 154
    78037   0 366
    78038   0 145
    78039   0 373
    78040   0  12
    78041   0 314
    78042   0 355
    78043   0  23
    78044   0 336
    78045   0 355
    78046   0 105
    78047   0 277
    78048   0 323
    78052   0  33
    78053   0   3
    78054   0 331
    78055   0  22
    78056   0 142
    78057   0  61
    78061   0 170
    78062   0 162
    78066   0 154
    78067   0 154
    78069   0 366
    78070   0 145
    78071   0 373
    78072   0  12
    78073   0 314
    78074   0 355
    78075   0  23
    78076   0 336
    78077   0 355
    78078   0 105
    78079   0 277
    78080   0 323
    81921   0  40
    81923   0   7
    81924   0 202
    81925   0  40
    81927   0  60
    81928   0  44
    81929   0 210
    81930   0   4
    81931   0   7
    81932   0 345
    81934   0  11
    81935   0 127
    81936   0 162
    81937   0 151
    81938   0 164
    81939   0 164
    81940   0 145
    81941   0 156
    81942   0  40
    81943   0 142
    81944   0 171
    81945   0  40
    81946   0 115
    81947   0 151
    81948   0 143
    81949   0 150
    81950   0 141
    81951   0 145
    81952   0 154
    81953   0  40
    81954   0 110
    81955   0  56
    81956   0  40
    81957   0 122
    81958   0 151
    81959   0 154
    81960   0 145
    81961   0 171
    81963   0 370
    81964   0 200
    81965   0 257
    81966   0 370
    81967   0  47
    81968   0 277
    81969   0 370
    81970   0 342
    81971   0 247
    81972   0 370
    81973   0  47
    81974   0 267
    81975   0 370
    81977   0 127
    81978   0 227
    81979   0 137
    81980   0  37
    81981   0 207
    81982   0 137
    81983   0 370
    81984   0  47
    81985   0 277
    81986   0 370
    81987   0 173
    81988   0 257
    81989   0 324
    81990   0   3
    81991   0  63
    81992   0 232
    81993   0 277
    81994   0 212
    81995   0 257
    81996   0 370
    81998   0 251
    81999   0 324
    82000   0 377
    82001   0  25
    82002   0  17
    82003   0 377
    82004   0  55
    82005   0  72
    82006   0 240
    82007   0  37
    82008   0 117
    82009   0 256
    82010   0 377
    82011   0 154
    82012   0 312
    82013   0  40
    82014   0 137
    82015   0 211
    82016   0 371
    82017   0   1
    82018   0 251
    82019   0 300
    82020   0  40
    82021   0 110
    82022   0 216
    82023   0 377
    82024   0 162
    82025   0 312
    82026   0  40
    82027   0 154
    82028   0 211
    82029   0 371
    82030   0  20
    82031   0 251
    82032   0 300
    82033   0  40
    82034   0 110
    82035   0 216
    82036   0 377
    82037   0 163
    82038   0 312
    82039   0  40
    82040   0 171
    82041   0 211
    82042   0 371
    82043   0  50
    82044   0 251
    82045   0 300
    82046   0  40
    82047   0 110
    82048   0 216
    82049   0 377
    82050   0 144
    82051   0 312
    82052   0  40
    82053   0 206
    82054   0 211
    82055   0 371
    82056   0 110
    82057   0 251
    82058   0 300
    82059   0  40
    82060   0 110
    82061   0 216
    82062   0 377
    82063   0 156
    82064   0 312
    82065   0  40
    82066   0 223
    82067   0 211
    82068   0 371
    82069   0 210
    82070   0 251
    82071   0 300
    82072   0  40
    82073   0 110
    82074   0 216
    82075   0 377
    82076   0 150
    82077   0 312
    82078   0  40
    82079   0 110
    82080   0 211
    82081   0 371
    82082   0   2
    82083   0 251
    82084   0 300
    82085   0  40
    82086   0 110
    82087   0 370
    82088   0 176
    82089   0 253
    82090   0 370
    82091   0  47
    82092   0 273
    82093   0 211
    82094   0 133
    82095   0 324
    82096   0   3
    82097   0  25
    82098   0 370
    82100   0 247
    82101   0 370
    82103   0 274
    82104   0 370
    82105   0  40
    82106   0 254
    82107   0 370
    82108   0  47
    82109   0 277
    82110   0 370
    82111   0 202
    82112   0 257
    82113   0 324
    82114   0   3
    82115   0  11
    82116   0 214
    82117   0 377
    82118   0  40
    82119   0 312
    82120   0  41
    82121   0 202
    82122   0 370
    82123   0  47
    82124   0 277
    82125   0 370
    82126   0 202
    82127   0 257
    82128   0 117
    82129   0  72
    82130   0 327
    82131   0 117
    82132   0  72
    82133   0 327
    82134   0 117
    82135   0  72
    82136   0 327
    82137   0 117
    82138   0  72
    82139   0 327
    82140   0  60
    82141   0 256
    82142   0 370
    82143   0 210
    82144   0 257
    82145   0 370
    82146   0  47
    82147   0 277
    82148   0  17
    82149   0 372
    82150   0  10
    82151   0 302
    82152   0  40
    82153   0 362
    82154   0 370
    82155   0 176
    82156   0 257
    82157   0 370
    82158   0  47
    82159   0 277
    82160   0  17
    82161   0 372
    82162   0   2
    82163   0 312
    82164   0  40
    82165   0 362
    82166   0 300
    82167   0  40
    82168   0 256
    82169   0 370
    82170   0 200
    82171   0 257
    82172   0 370
    82173   0  47
    82174   0 277
    82175   0 117
    82176   0 274
    82177   0  17
    82178   0 254
    82179   0 370
    82180   0 216
    82181   0 257
    82182   0 370
    82183   0  47
    82184   0 277
    82185   0 370
    82186   0  23
    82187   0 256
    82188   0 117
    82189   0 302
    82190   0  41
    82191   0  20
    82192   0 134
    82193   0  34
    82194   0  56
    82195   0 216
    82196   0 312
    82197   0  41
    82198   0   5
    82199   0 370
    82200   0 210
    82201   0 257
    82202   0 370
    82203   0  47
    82204   0 277
    82205   0  17
    82206   0 372
    82207   0   1
    82208   0 302
    82209   0  41
    82210   0  41
    82211   0 370
    82212   0  57
    82213   0 134
    82214   0  34
    82215   0  56
    82216   0 216
    82217   0 302
    82218   0  41
    82219   0  55
    82220   0 370
    82221   0  40
    82222   0 134
    82223   0  34
    82224   0  56
    82225   0 300
    82226   0  41
    82227   0  41
    82228   0 370
    82230   0 134
    82231   0  34
    82232   0  34
    82233   0 370
    82234   0 210
    82235   0 257
    82236   0 370
    82237   0  47
    82238   0 277
    82239   0 117
    82240   0 134
    82241   0  34
    82242   0 117
    82243   0 134
    82244   0  34
    82245   0 117
    82246   0 134
    82247   0  34
    82248   0 117
    82249   0 134
    82250   0  34
    82251   0 117
    82252   0 134
    82253   0  34
    82254   0 207
    82255   0 163
    82256   0 227
    82257   0 163
    82258   0 210
    82259   0 163
    82260   0 230
    82261   0 163
    82262   0 214
    82263   0 163
    82264   0 234
    82265   0 163
    82266   0 324
    82267   0  45
    82268   0 213
    82269   0 140
    82270   0 162
    82271   0 274
    82272   0 360
    82273   0 254
    82274   0 230
    82275   0 134
    82276   0  34
    82277   0 210
    82278   0 134
    82279   0  34
    82280   0 227
    82281   0 134
    82282   0  34
    82283   0 207
    82284   0 134
    82285   0  34
    82286   0 140
    82287   0 162
    82288   0 270
    82289   0 360
    82290   0 250
    82291   0 140
    82292   0 162
    82293   0 267
    82294   0 360
    82295   0 247
    82296   0 370
    82298   0 134
    82299   0 370
    82300   0 200
    82301   0 257
    82302   0 370
    82303   0  47
    82304   0 277
    82305   0 234
    82306   0 137
    82307   0  37
    82308   0 214
    82309   0 137
    82310   0 300
    82311   0  40
    82312   0 256
    82313   0 324
    82314   0   3
    82315   0  22
    82316   0 370
    82317   0 176
    82318   0 257
    82319   0 370
    82320   0  47
    82321   0 277
    82322   0  17
    82323   0 253
    82324   0 372
    82325   0  10
    82326   0 302
    82327   0  41
    82328   0 335
    82329   0 213
    82330   0 372
    82331   0 200
    82332   0 312
    82333   0  41
    82334   0 313
    82335   0 213
    82336   0 372
    82337   0  40
    82338   0 312
    82339   0  41
    82340   0 271
    82341   0 213
    82342   0 372
    82343   0 100
    82344   0 312
    82345   0  41
    82346   0 247
    82347   0 300
    82348   0  41
    82349   0 335
    82350   0 213
    82351   0 372
    82352   0  20
    82353   0 312
    82354   0  41
    82355   0 263
    82356   0 324
    82357   0  44
    82358   0   2
    82359   0 300
    82360   0  41
    82361   0 335
    82362   0 324
    82363   0  44
    82364   0 170
    82365   0 300
    82366   0  41
    82367   0 335
    82368   0 213
    82369   0 372
    82370   0  20
    82371   0 312
    82372   0  41
    82373   0 305
    82374   0 324
    82375   0  43
    82376   0  26
    82377   0 300
    82378   0  41
    82379   0 335
    82380   0 324
    82381   0  43
    82382   0 214
    82383   0 300
    82384   0  41
    82385   0 335
    82386   0 213
    82387   0 372
    82388   0  20
    82389   0 312
    82390   0  41
    82391   0 327
    82392   0 324
    82393   0  42
    82394   0 164
    82395   0 300
    82396   0  41
    82397   0 335
    82398   0 324
    82399   0  42
    82400   0 305
    82401   0 300
    82402   0  41
    82403   0 335
    82404   0 370
    82405   0 342
    82406   0 257
    82407   0 370
    82408   0  47
    82409   0 277
    82410   0 370
    82411   0   4
    82412   0 254
    82413   0  17
    82414   0 302
    82415   0  42
    82416   0 156
    82417   0 217
    82418   0 163
    82419   0 237
    82420   0 163
    82421   0 324
    82422   0   3
    82423   0  63
    82424   0 213
    82425   0 366
    82426   0 303
    82427   0  42
    82428   0   7
    82429   0  54
    82430   0 214
    82431   0 312
    82432   0  42
    82433   0 136
    82434   0 324
    82435   0   3
    82436   0 113
    82437   0  12
    82438   0  15
    82440   0 370
    82441   0   4
    82442   0 254
    82443   0 300
    82444   0  42
    82445   0 136
    82446   0 140
    82447   0 162
    82448   0 277
    82449   0 360
    82450   0 257
    82451   0 217
    82452   0 163
    82453   0 237
    82454   0 163
    82455   0 217
    82456   0 163
    82457   0 237
    82458   0 163
    82459   0 217
    82460   0 374
    82461   0  25
    82462   0 252
    82463   0 237
    82464   0 174
    82466   0 272
    82467   0 112
    82468   0 372
    82469   0   2
    82470   0 302
    82471   0  42
    82472   0  53
    82473   0 324
    82474   0   3
    82475   0 113
    82476   0  52
    82477   0  40
    82479   0 300
    82480   0  42
    82481   0  61
    82482   0 324
    82483   0   3
    82484   0 113
    82485   0  40
    82486   0  40
    82488   0 370
    82489   0 202
    82490   0 257
    82491   0 370
    82492   0  47
    82493   0 277
    82494   0 324
    82495   0  46
    82496   0  62
    82497   0 370
    82498   0 202
    82499   0 257
    82500   0 370
    82501   0  47
    82502   0 277
    82503   0 324
    82504   0   3
    82505   0  63
    82506   0 140
    82507   0 162
    82508   0 277
    82509   0 360
    82510   0 257
    82511   0 217
    82512   0 374
    82513   0  32
    82514   0 257
    82515   0 237
    82516   0 174
    82518   0 277
    82519   0 117
    82520   0 267
    82521   0 117
    82522   0 247
    82523   0 117
    82524   0 270
    82525   0 117
    82526   0 250
    82527   0 324
    82528   0  47
    82529   0   3
    82530   0 324
    82531   0  46
    82532   0   3
    82533   0 140
    82534   0 162
    82535   0 277
    82536   0 360
    82537   0 257
    82538   0 217
    82539   0 374
    82540   0  36
    82541   0 257
    82542   0 237
    82543   0 174
    82545   0 277
    82546   0 300
    82547   0  41
    82548   0 346
    82549   0 324
    82550   0  46
    82551   0   3
    82552   0 370
    82554   0 325
    82555   0 370
    82556   0 342
    82557   0 257
    82558   0 370
    82559   0  47
    82560   0 277
    82561   0  17
    82562   0 302
    82563   0  42
    82564   0 161
    82565   0 370
    82567   0 255
    82568   0 370
    82569   0  50
    82570   0 275
    82571   0  15
    82572   0 302
    82573   0  42
    82574   0 161
    82575   0 370
    82577   0 247
    82578   0  15
    82579   0 302
    82580   0  42
    82581   0 300
    82582   0 217
    82583   0 163
    82584   0 237
    82585   0 163
    82586   0 215
    82587   0 163
    82588   0 235
    82589   0 163
    82590   0 324
    82591   0 377
    82592   0  22
    82593   0 267
    82594   0 140
    82595   0 162
    82596   0 275
    82597   0 360
    82598   0 255
    82599   0 140
    82600   0 162
    82601   0 277
    82602   0 360
    82603   0 257
    82604   0 227
    82605   0 377
    82606   0   1
    82607   0 312
    82608   0  42
    82609   0 261
    82610   0 370
    82611   0   1
    82612   0 247
    82613   0 324
    82614   0  44
    82615   0 356
    82616   0 215
    82617   0 257
    82618   0 235
    82619   0 277
    82620   0 215
    82621   0 374
    82622   0  36
    82623   0 255
    82624   0 235
    82625   0 174
    82627   0 275
    82628   0 300
    82629   0  42
    82630   0 213
    82631   0 207
    82632   0 312
    82633   0  42
    82634   0 164
    82635   0 325
    82636   0 370
    82637   0 342
    82638   0 257
    82639   0 370
    82640   0  47
    82641   0 277
    82642   0  17
    82643   0 302
    82644   0  42
    82645   0 161
    82646   0 370
    82648   0 255
    82649   0 370
    82650   0  50
    82651   0 275
    82652   0  15
    82653   0 302
    82654   0  42
    82655   0 161
    82656   0 370
    82658   0 247
    82659   0  15
    82660   0 302
    82661   0  43
    82662   0  21
    82663   0 217
    82664   0 163
    82665   0 237
    82666   0 163
    82667   0 215
    82668   0 163
    82669   0 235
    82670   0 163
    82671   0 324
    82672   0 377
    82673   0  22
    82674   0 267
    82675   0 140
    82676   0 162
    82677   0 275
    82678   0 360
    82679   0 255
    82680   0 140
    82681   0 162
    82682   0 277
    82683   0 360
    82684   0 257
    82685   0 227
    82686   0 377
    82687   0 377
    82688   0 312
    82689   0  43
    82690   0   2
    82691   0 370
    82692   0   1
    82693   0 247
    82694   0 324
    82695   0  44
    82696   0 356
    82697   0 215
    82698   0 257
    82699   0 235
    82700   0 277
    82701   0 215
    82702   0 374
    82703   0  36
    82704   0 255
    82705   0 235
    82706   0 174
    82708   0 275
    82709   0 300
    82710   0  42
    82711   0 334
    82712   0 207
    82713   0 312
    82714   0  42
    82715   0 305
    82716   0 325
    82717   0 370
    82718   0 342
    82719   0 257
    82720   0 370
    82721   0  47
    82722   0 277
    82723   0  17
    82724   0 302
    82725   0  42
    82726   0 161
    82727   0 370
    82729   0 255
    82730   0 370
    82731   0  50
    82732   0 275
    82733   0  15
    82734   0 302
    82735   0  42
    82736   0 161
    82737   0 370
    82739   0 247
    82740   0  15
    82741   0 302
    82742   0  43
    82743   0 207
    82744   0 217
    82745   0 163
    82746   0 237
    82747   0 163
    82748   0 215
    82749   0 163
    82750   0 235
    82751   0 163
    82752   0 217
    82753   0 374
    82754   0  32
    82755   0 257
    82756   0 237
    82757   0 174
    82759   0 277
    82760   0 215
    82761   0 374
    82762   0  32
    82763   0 255
    82764   0 235
    82765   0 174
    82767   0 275
    82768   0 370
    82769   0   4
    82770   0 256
    82771   0 115
    82772   0 122
    82773   0 117
    82774   0 365
    82775   0 313
    82776   0  43
    82777   0 150
    82778   0 312
    82779   0  43
    82780   0 133
    82781   0  56
    82782   0 216
    82783   0 312
    82784   0  43
    82785   0 114
    82786   0 140
    82787   0 162
    82788   0 275
    82789   0 360
    82790   0 255
    82791   0 140
    82792   0 162
    82793   0 277
    82794   0 360
    82795   0 257
    82796   0 300
    82797   0  43
    82798   0 170
    82799   0 140
    82800   0 162
    82801   0 275
    82802   0 360
    82803   0 255
    82804   0 140
    82805   0 162
    82806   0 277
    82807   0 360
    82808   0 257
    82809   0 370
    82810   0   1
    82811   0 247
    82812   0 324
    82813   0  44
    82814   0 356
    82815   0 215
    82816   0 257
    82817   0 235
    82818   0 277
    82819   0 215
    82820   0 374
    82821   0  36
    82822   0 255
    82823   0 235
    82824   0 174
    82826   0 275
    82827   0 300
    82828   0  43
    82829   0  55
    82830   0 207
    82831   0 312
    82832   0  43
    82833   0  26
    82834   0 325
    82835   0 370
    82836   0 342
    82837   0 257
    82838   0 370
    82839   0  47
    82840   0 277
    82841   0  17
    82842   0 302
    82843   0  42
    82844   0 161
    82845   0 370
    82847   0 255
    82848   0 370
    82849   0  50
    82850   0 275
    82851   0  15
    82852   0 302
    82853   0  42
    82854   0 161
    82855   0 370
    82857   0 247
    82858   0  15
    82859   0 302
    82860   0  43
    82861   0 375
    82862   0 217
    82863   0 163
    82864   0 237
    82865   0 163
    82866   0 215
    82867   0 163
    82868   0 235
    82869   0 163
    82870   0 217
    82871   0 374
    82872   0  32
    82873   0 257
    82874   0 237
    82875   0 174
    82877   0 277
    82878   0 215
    82879   0 374
    82880   0  32
    82881   0 255
    82882   0 235
    82883   0 174
    82885   0 275
    82886   0 370
    82887   0   4
    82888   0 256
    82889   0 115
    82890   0 122
    82891   0 117
    82892   0 367
    82893   0 313
    82894   0  43
    82895   0 336
    82896   0 312
    82897   0  43
    82898   0 321
    82899   0  56
    82900   0 216
    82901   0 312
    82902   0  43
    82903   0 302
    82904   0 140
    82905   0 162
    82906   0 275
    82907   0 360
    82908   0 255
    82909   0 140
    82910   0 162
    82911   0 277
    82912   0 360
    82913   0 257
    82914   0 300
    82915   0  43
    82916   0 356
    82917   0 140
    82918   0 162
    82919   0 275
    82920   0 360
    82921   0 255
    82922   0 140
    82923   0 162
    82924   0 277
    82925   0 360
    82926   0 257
    82927   0 370
    82928   0   1
    82929   0 247
    82930   0 324
    82931   0  44
    82932   0 356
    82933   0 215
    82934   0 257
    82935   0 235
    82936   0 277
    82937   0 215
    82938   0 374
    82939   0  36
    82940   0 255
    82941   0 235
    82942   0 174
    82944   0 275
    82945   0 300
    82946   0  43
    82947   0 243
    82948   0 207
    82949   0 312
    82950   0  43
    82951   0 214
    82952   0 325
    82953   0 370
    82954   0 342
    82955   0 257
    82956   0 370
    82957   0  47
    82958   0 277
    82959   0  17
    82960   0 302
    82961   0  42
    82962   0 161
    82963   0 370
    82965   0 255
    82966   0 370
    82967   0  50
    82968   0 275
    82969   0  15
    82970   0 302
    82971   0  42
    82972   0 161
    82973   0 370
    82975   0 247
    82976   0  15
    82977   0 302
    82978   0  44
    82979   0 163
    82980   0 217
    82981   0 163
    82982   0 237
    82983   0 163
    82984   0 215
    82985   0 163
    82986   0 235
    82987   0 163
    82988   0 217
    82989   0 374
    82990   0  26
    82991   0 257
    82992   0 237
    82993   0 174
    82995   0 277
    82996   0 215
    82997   0 374
    82998   0  26
    82999   0 255
    83000   0 235
    83001   0 174
    83003   0 275
    83004   0 370
    83005   0   2
    83006   0 256
    83007   0 115
    83008   0 122
    83009   0 117
    83010   0 365
    83011   0 313
    83012   0  44
    83013   0 124
    83014   0 312
    83015   0  44
    83016   0 107
    83017   0  56
    83018   0 216
    83019   0 312
    83020   0  44
    83021   0  70
    83022   0 140
    83023   0 162
    83024   0 275
    83025   0 360
    83026   0 255
    83027   0 140
    83028   0 162
    83029   0 277
    83030   0 360
    83031   0 257
    83032   0 300
    83033   0  44
    83034   0 144
    83035   0 140
    83036   0 162
    83037   0 275
    83038   0 360
    83039   0 255
    83040   0 140
    83041   0 162
    83042   0 277
    83043   0 360
    83044   0 257
    83045   0 370
    83046   0   1
    83047   0 247
    83048   0 324
    83049   0  44
    83050   0 356
    83051   0 215
    83052   0 257
    83053   0 235
    83054   0 277
    83055   0 215
    83056   0 374
    83057   0  36
    83058   0 255
    83059   0 235
    83060   0 174
    83062   0 275
    83063   0 300
    83064   0  44
    83065   0  31
    83066   0 207
    83067   0 312
    83068   0  44
    83069   0   2
    83070   0 325
    83071   0 370
    83072   0 342
    83073   0 257
    83074   0 370
    83075   0  47
    83076   0 277
    83077   0  17
    83078   0 302
    83079   0  42
    83080   0 161
    83081   0 370
    83083   0 255
    83084   0 370
    83085   0  50
    83086   0 275
    83087   0  15
    83088   0 302
    83089   0  42
    83090   0 161
    83091   0 370
    83093   0 247
    83094   0  15
    83095   0 302
    83096   0  44
    83097   0 351
    83098   0 217
    83099   0 163
    83100   0 237
    83101   0 163
    83102   0 215
    83103   0 163
    83104   0 235
    83105   0 163
    83106   0 217
    83107   0 374
    83108   0  26
    83109   0 257
    83110   0 237
    83111   0 174
    83113   0 277
    83114   0 215
    83115   0 374
    83116   0  26
    83117   0 255
    83118   0 235
    83119   0 174
    83121   0 275
    83122   0 370
    83123   0   2
    83124   0 256
    83125   0 115
    83126   0 122
    83127   0 117
    83128   0 367
    83129   0 313
    83130   0  44
    83131   0 312
    83132   0 312
    83133   0  44
    83134   0 275
    83135   0  56
    83136   0 216
    83137   0 312
    83138   0  44
    83139   0 256
    83140   0 140
    83141   0 162
    83142   0 275
    83143   0 360
    83144   0 255
    83145   0 140
    83146   0 162
    83147   0 277
    83148   0 360
    83149   0 257
    83150   0 300
    83151   0  44
    83152   0 332
    83153   0 140
    83154   0 162
    83155   0 275
    83156   0 360
    83157   0 255
    83158   0 140
    83159   0 162
    83160   0 277
    83161   0 360
    83162   0 257
    83163   0 370
    83164   0   1
    83165   0 247
    83166   0 324
    83167   0  44
    83168   0 356
    83169   0 215
    83170   0 257
    83171   0 235
    83172   0 277
    83173   0 215
    83174   0 374
    83175   0  36
    83176   0 255
    83177   0 235
    83178   0 174
    83180   0 275
    83181   0 300
    83182   0  44
    83183   0 217
    83184   0 207
    83185   0 312
    83186   0  44
    83187   0 170
    83188   0 325
    83189   0 217
    83190   0 163
    83191   0 237
    83192   0 163
    83193   0 215
    83194   0 163
    83195   0 235
    83196   0 163
    83197   0 370
    83198   0  36
    83199   0 256
    83200   0  17
    83201   0 122
    83202   0  15
    83203   0 137
    83204   0   2
    83205   0 135
    83206   0  35
    83207   0  37
    83208   0  56
    83209   0 216
    83210   0 312
    83211   0  44
    83212   0 371
    83213   0 140
    83214   0 162
    83215   0 275
    83216   0 360
    83217   0 255
    83218   0 140
    83219   0 162
    83220   0 277
    83221   0 360
    83222   0 257
    83223   0 325
    83224   0 370
    83225   0 202
    83226   0 374
    83227   0  14
    83228   0 257
    83229   0 250
    83230   0 370
    83231   0  47
    83232   0 174
    83234   0 277
    83235   0 270
    83236   0 370
    83238   0 251
    83239   0 110
    83240   0  62
    83241   0  47
    83242   0  31
    83243   0  27
    83244   0  60
    83245   0  40
    83246   0  31
    83247   0 207
    83248   0 377
    83249   0 117
    83250   0 313
    83251   0  45
    83252   0  63
    83253   0 324
    83254   0  46
    83255   0   3
    83256   0 211
    83257   0 247
    83258   0 324
    83259   0   3
    83260   0  63
    83261   0 370
    83262   0 202
    83263   0 374
    83264   0   6
    83265   0 257
    83266   0 370
    83267   0  47
    83268   0 174
    83270   0 277
    83271   0  17
    83272   0 372
    83273   0   1
    83274   0  62
    83275   0 113
    83276   0 370
    83277   0  57
    83278   0 324
    83279   0   3
    83280   0  60
    83281   0  27
    83282   0 370
    83283   0  40
    83284   0 324
    83285   0   3
    83286   0  60
    83287   0  27
    83288   0 207
    83289   0 377
    83290   0 117
    83291   0 313
    83292   0  45
    83293   0 137
    83294   0 324
    83295   0  46
    83296   0   3
    83297   0 370
    83299   0 247
    83300   0  60
    83301   0 256
    83302   0 207
    83303   0 372
    83304   0  17
    83305   0  72
    83306   0 113
    83307   0  13
    83308   0  72
    83309   0 151
    83310   0  60
    83311   0 256
    83312   0 370
    83313   0 202
    83314   0 374
    83315   0   7
    83316   0 252
    83317   0 370
    83318   0  47
    83319   0 174
    83321   0 272
    83322   0 370
    83323   0  47
    83324   0 277
    83325   0 370
    83326   0 242
    83327   0 257
    83328   0 324
    83329   0  46
    83330   0  62
    83331   0 370
    83332   0  47
    83333   0 277
    83334   0 370
    83335   0 242
    83336   0 257
    83337   0 324
    83338   0   3
    83339   0  63
    83340   0  33
    83341   0  13
    83342   0  53
    83343   0 302
    83344   0  45
    83345   0 364
    83346   0 370
    83347   0 202
    83348   0 257
    83349   0 370
    83350   0  47
    83351   0 277
    83352   0  37
    83353   0  37
    83354   0 117
    83355   0 272
    83356   0  17
    83357   0 252
    83358   0 370
    83360   0 274
    83361   0 254
    83362   0 324
    83363   0   3
    83364   0  52
    83365   0 232
    83366   0 377
    83367   0 376
    83368   0 312
    83369   0  45
    83370   0 252
    83371   0 212
    83372   0 377
    83373   0 376
    83374   0 302
    83375   0  45
    83376   0 256
    83377   0  34
    83378   0 300
    83379   0  45
    83380   0 233
    83381   0 370
    83383   0 247
    83384   0 270
    83385   0 214
    83386   0 267
    83387   0 234
    83388   0 250
    83389   0 227
    83390   0 376
    83391   0 267
    83392   0 210
    83393   0 176
    83394   0 250
    83395   0 230
    83396   0 176
    83397   0 270
    83398   0 227
    83399   0 376
    83400   0 267
    83401   0 210
    83402   0 176
    83403   0 250
    83404   0 230
    83405   0 176
    83406   0 270
    83407   0 227
    83408   0 376
    83409   0 267
    83410   0 210
    83411   0 176
    83412   0 250
    83413   0 230
    83414   0 176
    83415   0 270
    83416   0 227
    83417   0 376
    83418   0 267
    83419   0 210
    83420   0 176
    83421   0 250
    83422   0 230
    83423   0 176
    83424   0 270
    83425   0 370
    83426   0 207
    83427   0 257
    83428   0 370
    83429   0  47
    83430   0 277
    83431   0  17
    83432   0 122
    83433   0 207
    83434   0 364
    83435   0 247
    83436   0  57
    83437   0  17
    83438   0 122
    83439   0 227
    83440   0 164
    83441   0 267
    83442   0 210
    83443   0 174
    83445   0 250
    83446   0 230
    83447   0 174
    83449   0 270
    83450   0 325
    83451   0 370
    83452   0  47
    83453   0 277
    83454   0 370
    83455   0 173
    83456   0 257
    83457   0 324
    83458   0   3
    83459   0  63
    83460   0 370
    83462   0 247
    83463   0 300
    83464   0  40
    83465   0 256
    83466   0 217
    83467   0 163
    83468   0 237
    83469   0 163
    83470   0 370
    83471   0  47
    83472   0 277
    83473   0 370
    83474   0 173
    83475   0 257
    83476   0 324
    83477   0   3
    83478   0  63
    83479   0 140
    83480   0 162
    83481   0 277
    83482   0 360
    83483   0 257
    83484   0 325
    83485   0 122
    83486   0 370
    83488   0 256
    83489   0   2
    83490   0 377
    83491   0  12
    83492   0 313
    83493   0  46
    83494   0  44
    83495   0  36
    83496   0 300
    83497   0  46
    83498   0  33
    83499   0 374
    83500   0  12
    83501   0 122
    83502   0 216
    83503   0 374
    83504   0  60
    83505   0 137
    83506   0  37
    83507   0   2
    83508   0 374
    83509   0  60
    83510   0 137
    83511   0  37
    83512   0 325
    83513   0 215
    83514   0 163
    83515   0 235
    83516   0 163
    83517   0 112
    83518   0 366
    83519   0  12
    83520   0 166
    83521   0 366
    83522   0 366
    83523   0 366
    83524   0 366
    83525   0 324
    83526   0  46
    83527   0  26
    83528   0 370
    83529   0  57
    83530   0 137
    83531   0  37
    83532   0  12
    83533   0 372
    83534   0  37
    83535   0 324
    83536   0  46
    83537   0  26
    83538   0 370
    83539   0  57
    83540   0 137
    83541   0  37
    83542   0  52
    83543   0 112
    83544   0 366
    83545   0 374
    83546   0 264
    83547   0 255
    83548   0 370
    83550   0 174
    83551   0   7
    83552   0 275
    83553   0 324
    83554   0 377
    83555   0 140
    83556   0 370
    83557   0  40
    83558   0 137
    83559   0  37
    83560   0  32
    83561   0  12
    83562   0 366
    83563   0 366
    83564   0 366
    83565   0 324
    83566   0  46
    83567   0  26
    83568   0 370
    83569   0  72
    83570   0 137
    83571   0  37
    83572   0 112
    83573   0 372
    83574   0   7
    83575   0 376
    83576   0 376
    83577   0 376
    83578   0 122
    83579   0  12
    83580   0 366
    83581   0 366
    83582   0 366
    83583   0 366
    83584   0 366
    83585   0 361
    83586   0 324
    83587   0  46
    83588   0  26
    83589   0 370
    83590   0  72
    83591   0 137
    83592   0  37
    83593   0  12
    83594   0 372
    83595   0  37
    83596   0 376
    83597   0 324
    83598   0  46
    83599   0  26
    83600   0 370
    83601   0  40
    83602   0 137
    83603   0  37
    83604   0 370
    83605   0  40
    83606   0 137
    83607   0  37
    83608   0 370
    83610   0 137
    83611   0 140
    83612   0 162
    83613   0 275
    83614   0 360
    83615   0 255
    83616   0 325
    83617   0 217
    83618   0 163
    83619   0 237
    83620   0 163
    83621   0 370
    83622   0  12
    83623   0 256
    83624   0 370
    83626   0 137
    83627   0  37
    83628   0  56
    83629   0 216
    83630   0 312
    83631   0  46
    83632   0 241
    83633   0 140
    83634   0 162
    83635   0 277
    83636   0 360
    83637   0 257
    83638   0 370
    83639   0  40
    83640   0 251
    83641   0 370
    83642   0  12
    83643   0 256
    83644   0 217
    83645   0 163
    83646   0 237
    83647   0 163
    83648   0  17
    83649   0 377
    83650   0   5
    83651   0 313
    83652   0  46
    83653   0 302
    83654   0 374
    83655   0  10
    83656   0 137
    83657   0  37
    83658   0  56
    83659   0 216
    83660   0 312
    83661   0  46
    83662   0 271
    83663   0 210
    83664   0 376
    83665   0 250
    83666   0 230
    83667   0 176
    83668   0 270
    83669   0 207
    83670   0 176
    83671   0 247
    83672   0 227
    83673   0 176
    83674   0 267
    83675   0 176
    83676   0 376
    83677   0 376
    83678   0 376
    83679   0 137
    83680   0 140
    83681   0 162
    83682   0 277
    83683   0 360
    83684   0 257
    83685   0 217
    83686   0 163
    83687   0 237
    83688   0 163
    83689   0 370
    83690   0  12
    83691   0 256
    83692   0 117
    83693   0 122
    83694   0  17
    83695   0 366
    83696   0 366
    83697   0 366
    83698   0 366
    83699   0   2
    83700   0 176
    83701   0 372
    83702   0  17
    83703   0  57
    83704   0 137
    83705   0  37
    83706   0  56
    83707   0 216
    83708   0 312
    83709   0  46
    83710   0 345
    83711   0 140
    83712   0 162
    83713   0 277
    83714   0 360
    83715   0 257
    83716   0  51
    83717   0 211
    83718   0 312
    83719   0  46
    83720   0 262
    83721   0 325
    83722   0 217
    83723   0 163
    83724   0 237
    83725   0 163
    83726   0 210
    83727   0 163
    83728   0 230
    83729   0 163
    83730   0 202
    83731   0 377
    83732   0  13
    83733   0 242
    83734   0 222
    83735   0 177
    83737   0 262
    83738   0 202
    83739   0 257
    83740   0 222
    83741   0 277
    83742   0  37
    83743   0 227
    83744   0 376
    83745   0 303
    83746   0  47
    83747   0 133
    83748   0 324
    83749   0  46
    83750   0 232
    83751   0 202
    83752   0 257
    83753   0 222
    83754   0 277
    83755   0  37
    83756   0 370
    83757   0  12
    83758   0 250
    83759   0 370
    83760   0  11
    83761   0 270
    83762   0 117
    83763   0 302
    83764   0  47
    83765   0 121
    83766   0 122
    83767   0 370
    83769   0 270
    83770   0   2
    83771   0 374
    83772   0  60
    83773   0 324
    83774   0   3
    83775   0  60
    83776   0  50
    83777   0 210
    83778   0 312
    83779   0  47
    83780   0  53
    83781   0 202
    83782   0 374
    83783   0  13
    83784   0 242
    83785   0 222
    83786   0 174
    83788   0 262
    83789   0 140
    83790   0 162
    83791   0 270
    83792   0 360
    83793   0 250
    83794   0 140
    83795   0 162
    83796   0 277
    83797   0 360
    83798   0 257
    83799   0 325
    83800   0 230
    83801   0 302
    83802   0  47
    83803   0  64
    83804   0 377
    83805   0   1
    83806   0 270
    83807   0 300
    83808   0  47
    83809   0  71
    83810   0 370
    83811   0  55
    83812   0 324
    83813   0   3
    83814   0  60
    83815   0 210
    83816   0 373
    83817   0 377
    83818   0 374
    83819   0   1
    83820   0 250
    83821   0 230
    83822   0 373
    83823   0 377
    83824   0 174
    83826   0 270
    83827   0 207
    83828   0 373
    83829   0 377
    83830   0 174
    83832   0 247
    83833   0 227
    83834   0 373
    83835   0 377
    83836   0 174
    83838   0 267
    83839   0 300
    83840   0  47
    83841   0  35
    83842   0  12
    83843   0  15
    86017   0  40
    86020   0 240
    86021   0  40
    86023   0  60
    86024   0  44
    86025   0 210
    86026   0   4
    86027   0   7
    86028   0 345
    86030   0   3
    86031   0 127
    86032   0 162
    86033   0 151
    86034   0 164
    86035   0 164
    86036   0 145
    86037   0 156
    86038   0  40
    86039   0 142
    86040   0 171
    86041   0  40
    86042   0 115
    86043   0 151
    86044   0 143
    86045   0 150
    86046   0 141
    86047   0 145
    86048   0 154
    86049   0  40
    86050   0 110
    86051   0  56
    86052   0  40
    86053   0 122
    86054   0 151
    86055   0 154
    86056   0 145
    86057   0 171
    86059   0 112
    86060   0 377
    86061   0  40
    86062   0 302
    86063   0  40
    86064   0  44
    86065   0  52
    86066   0 232
    86067   0 277
    86068   0 212
    86069   0 257
    86070   0 117
    86071   0 377
    86072   0  41
    86073   0  63
    86074   0  57
    86075   0  57
    86076   0 370
    86078   0 137
    86079   0 232
    86080   0 277
    86081   0 212
    86082   0 257
    86083   0  17
    86084   0 312
    86085   0  40
    86086   0 136
    86087   0 324
    86088   0   3
    86089   0 113
    86090   0 125
    86091   0 163
    86092   0 141
    86093   0 147
    86094   0 145
    86095   0  72
    86096   0  40
    86097   0 155
    86098   0 153
    86099   0 144
    86100   0 151
    86101   0 162
    86102   0  40
    86103   0 160
    86104   0 141
    86105   0 164
    86106   0 150
    86107   0 156
    86108   0 141
    86109   0 155
    86110   0 145
    86111   0  12
    86112   0  15
    86114   0 370
    86115   0  12
    86116   0 325
    86117   0 370
    86118   0  40
    86119   0 275
    86120   0 370
    86121   0 213
    86122   0 255
    86123   0 370
    86125   0 324
    86126   0   3
    86127   0  41
    86128   0  73
    86129   0 167
    86130   0 370
    86131   0  40
    86132   0 277
    86133   0 370
    86134   0 172
    86135   0 257
    86136   0 324
    86137   0   3
    86138   0  63
    86139   0 370
    86140   0  16
    86141   0 325
    86142   0 370
    86144   0 325
    86145   0 106
    86146   0 151
    86147   0 154
    86148   0 145
    86149   0  40
    86150   0 156
    86151   0 157
    86152   0 164
    86153   0  40
    86154   0 146
    86155   0 157
    86156   0 165
    86157   0 156
    86158   0 144
    86159   0  12
    86160   0  15
    86166   0  40
    86167   0 240
    90113   0  40
    90116   0 236
    90117   0  40
    90119   0  60
    90120   0  44
    90121   0 210
    90122   0   4
    90123   0   7
    90124   0 345
    90126   0   3
    90127   0 127
    90128   0 162
    90129   0 151
    90130   0 164
    90131   0 164
    90132   0 145
    90133   0 156
    90134   0  40
    90135   0 142
    90136   0 171
    90137   0  40
    90138   0 115
    90139   0 151
    90140   0 143
    90141   0 150
    90142   0 141
    90143   0 145
    90144   0 154
    90145   0  40
    90146   0 110
    90147   0  56
    90148   0  40
    90149   0 122
    90150   0 151
    90151   0 154
    90152   0 145
    90153   0 171
    90155   0 232
    90156   0 277
    90157   0 212
    90158   0 257
    90159   0  12
    90160   0  62
    90161   0 124
    90162   0 112
    90163   0 377
    90164   0  41
    90165   0  63
    90166   0  53
    90167   0  52
    90168   0 370
    90170   0 132
    90171   0 370
    90172   0  40
    90173   0 275
    90174   0 370
    90175   0 211
    90176   0 255
    90177   0  17
    90178   0 302
    90179   0  40
    90180   0 124
    90181   0 370
    90183   0 324
    90184   0   3
    90185   0  44
    90186   0  73
    90187   0 121
    90188   0 370
    90189   0  40
    90190   0 277
    90191   0 370
    90192   0 165
    90193   0 257
    90194   0 324
    90195   0   3
    90196   0  63
    90197   0 370
    90198   0  10
    90199   0 325
    90200   0 370
    90202   0 325
    90203   0 370
    90204   0  40
    90205   0 277
    90206   0 370
    90207   0 236
    90208   0 257
    90209   0 370
    90211   0 137
    90212   0 324
    90213   0   3
    90214   0  44
    90215   0 370
    90216   0  40
    90217   0 277
    90218   0 370
    90219   0 236
    90220   0 257
    90221   0 324
    90222   0   3
    90223   0  63
    90224   0 370
    90225   0  40
    90226   0 277
    90227   0 370
    90228   0 206
    90229   0 257
    90230   0 324
    90231   0   3
    90232   0  63
    90233   0 370
    90235   0 325
    90236   0 111
    90237   0 156
    90238   0 166
    90239   0 141
    90240   0 154
    90241   0 151
    90242   0 144
    90243   0  40
    90244   0 104
    90245   0 151
    90246   0 162
    90247   0 145
    90248   0 143
    90249   0 164
    90250   0 157
    90251   0 162
    90252   0 171
    90253   0  12
    90254   0  15
    90260   0  40
    90261   0 236
    94209   0  40
    94211   0   1
    94212   0  56
    94213   0  40
    94215   0  60
    94216   0  44
    94217   0 210
    94218   0   4
    94219   0   7
    94220   0 345
    94222   0   5
    94223   0 127
    94224   0 162
    94225   0 151
    94226   0 164
    94227   0 164
    94228   0 145
    94229   0 156
    94230   0  40
    94231   0 142
    94232   0 171
    94233   0  40
    94234   0 115
    94235   0 151
    94236   0 143
    94237   0 150
    94238   0 141
    94239   0 145
    94240   0 154
    94241   0  40
    94242   0 110
    94243   0  56
    94244   0  40
    94245   0 122
    94246   0 151
    94247   0 154
    94248   0 145
    94249   0 171
    94251   0 370
    94252   0  40
    94253   0 277
    94254   0 370
    94255   0 350
    94256   0 257
    94257   0 324
    94258   0   3
    94259   0  63
    94260   0 370
    94261   0  41
    94262   0 277
    94263   0 370
    94264   0  56
    94265   0 257
    94266   0  37
    94267   0  37
    94268   0  37
    94269   0  37
    94270   0 370
    94271   0  41
    94272   0 137
    94273   0  37
    94274   0 370
    94275   0 102
    94276   0 137
    94277   0 370
    94278   0 200
    94279   0 272
    94280   0 370
    94282   0 252
    94283   0  12
    94284   0 377
    94285   0 300
    94286   0 312
    94287   0  40
    94288   0 115
    94289   0  32
    94290   0  32
    94291   0  32
    94292   0  12
    94293   0 302
    94294   0  40
    94295   0 345
    94296   0 324
    94297   0  40
    94298   0 143
    94299   0 112
    94300   0 312
    94301   0  40
    94302   0 124
    94303   0 212
    94304   0 374
    94305   0  12
    94306   0 252
    94307   0 232
    94308   0 174
    94310   0 272
    94311   0 300
    94312   0  40
    94313   0 115
    94314   0 370
    94315   0  41
    94316   0 277
    94317   0 370
    94318   0   5
    94319   0 257
    94320   0 324
    94321   0   3
    94322   0  63
    94323   0 212
    94324   0 257
    94325   0 163
    94326   0 232
    94327   0 277
    94328   0 163
    94329   0 324
    94330   0   3
    94331   0  63
    94332   0 370
    94333   0  41
    94334   0 277
    94335   0 370
    94336   0  16
    94337   0 257
    94338   0 324
    94339   0   3
    94340   0  63
    94341   0 324
    94342   0   3
    94343   0  66
    94344   0 256
    94345   0 377
    94346   0 131
    94347   0 302
    94348   0  40
    94349   0 220
    94350   0 216
    94351   0 377
    94352   0 171
    94353   0 302
    94354   0  40
    94355   0 220
    94356   0 300
    94357   0  40
    94358   0 326
    94359   0 370
    94360   0  41
    94361   0 277
    94362   0 370
    94363   0  35
    94364   0 257
    94365   0 324
    94366   0   3
    94367   0  63
    94368   0 232
    94369   0 277
    94370   0 212
    94371   0 257
    94372   0 370
    94373   0  41
    94374   0 275
    94375   0 370
    94376   0  56
    94377   0 255
    94378   0 370
    94379   0  11
    94380   0 247
    94381   0 324
    94382   0   3
    94383   0   6
    94384   0 112
    94385   0 312
    94386   0  40
    94387   0 251
    94388   0 212
    94389   0 374
    94390   0   4
    94391   0 257
    94392   0 232
    94393   0 174
    94395   0 277
    94396   0 370
    94398   0 274
    94399   0 370
    94400   0   6
    94401   0 254
    94402   0 324
    94403   0   3
    94404   0  14
    94405   0 112
    94406   0 277
    94407   0 163
    94408   0 112
    94409   0 257
    94410   0 122
    94411   0  32
    94412   0  12
    94413   0 367
    94414   0 254
    94415   0 140
    94416   0  52
    94417   0  12
    94418   0 167
    94419   0 274
    94420   0 324
    94421   0   3
    94422   0  14
    94423   0 324
    94424   0   3
    94425   0  22
    94426   0 300
    94427   0  40
    94428   0 337
    94429   0 370
    94430   0  41
    94431   0 277
    94432   0 370
    94433   0  22
    94434   0 257
    94435   0 324
    94436   0   3
    94437   0  63
    94438   0 140
    94439   0 162
    94440   0 272
    94441   0 360
    94442   0 252
    94443   0 325
    94444   0 370
    94446   0 325
    94447   0 102
    94448   0 151
    94449   0 156
    94450   0 141
    94451   0 162
    94452   0 171
    94453   0  40
    94454   0 165
    94455   0 164
    94456   0 151
    94457   0 154
    94458   0 151
    94459   0 164
    94460   0 151
    94461   0 145
    94462   0 163
    94463   0  40
    94464   0 151
    94465   0 156
    94466   0 163
    94467   0 164
    94468   0 141
    94469   0 154
    94470   0 154
    94471   0 145
    94472   0 162
    94473   0  12
    94474   0  15
    94476   0 111
    94477   0 156
    94478   0 163
    94479   0 164
    94480   0 141
    94481   0 154
    94482   0 154
    94483   0  40
    94485   0  40
    94486   0  77
    94487   0  40
    94489   0  40
    94490   0 123
    94491   0 153
    94492   0 151
    94493   0 160
    94494   0 160
    94495   0 145
    94496   0 144
    94497   0  12
    94498   0  15
    94500   0  40
    94501   0 111
    94502   0 156
    94503   0 163
    94504   0 164
    94505   0 141
    94506   0 154
    94507   0 154
    94508   0 151
    94509   0 156
    94510   0 147
    94511   0  56
    94512   0  56
    94513   0  56
    94514   0  12
    94515   0  15
    98305   0  40
    98307   0   1
    98308   0 231
    98309   0  40
    98311   0  60
    98312   0  44
    98313   0 210
    98314   0   5
    98315   0   7
    98316   0 345
    98318   0  12
    98319   0 127
    98320   0 162
    98321   0 151
    98322   0 164
    98323   0 164
    98324   0 145
    98325   0 156
    98326   0  40
    98327   0 142
    98328   0 171
    98329   0  40
    98330   0 115
    98331   0 151
    98332   0 143
    98333   0 150
    98334   0 141
    98335   0 145
    98336   0 154
    98337   0  40
    98338   0 110
    98339   0  56
    98340   0  40
    98341   0 122
    98342   0 151
    98343   0 154
    98344   0 145
    98345   0 171
    98347   0 112
    98348   0 377
    98349   0  40
    98350   0  62
    98351   0  44
    98352   0  52
    98353   0  12
    98354   0 377
    98355   0  55
    98356   0  72
    98357   0 127
    98358   0  32
    98359   0 112
    98360   0 377
    98361   0 170
    98362   0  72
    98363   0 100
    98364   0 370
    98365   0 160
    98366   0 257
    98367   0 370
    98368   0  41
    98369   0 277
    98370   0 370
    98371   0   1
    98372   0 137
    98373   0  60
    98374   0  44
    98375   0 324
    98376   0   3
    98377   0 113
    98378   0 111
    98379   0 156
    98380   0 166
    98381   0 141
    98382   0 154
    98383   0 151
    98384   0 144
    98385   0  40
    98386   0 163
    98387   0 167
    98388   0 151
    98389   0 164
    98390   0 143
    98391   0 150
    98392   0  12
    98393   0  15
    98395   0 370
    98396   0  11
    98397   0 325
    98398   0 232
    98399   0 277
    98400   0 212
    98401   0 257
    98402   0 117
    98403   0 377
    98404   0  41
    98405   0  63
    98406   0 133
    98407   0  57
    98408   0 370
    98410   0 137
    98411   0 232
    98412   0 277
    98413   0 212
    98414   0 257
    98415   0  17
    98416   0 312
    98417   0  40
    98418   0 215
    98419   0 324
    98420   0   3
    98421   0 113
    98422   0 125
    98423   0 163
    98424   0 141
    98425   0 147
    98426   0 145
    98427   0  72
    98428   0  40
    98429   0 143
    98430   0 162
    98431   0 143
    98432   0  40
    98433   0 133
    98434   0  55
    98435   0 170
    98436   0 135
    98437   0  40
    98438   0 146
    98439   0 151
    98440   0 154
    98441   0 145
    98442   0 156
    98443   0 141
    98444   0 155
    98445   0 145
    98446   0  12
    98447   0  15
    98449   0 370
    98450   0  12
    98451   0 325
    98452   0 370
    98453   0  41
    98454   0 275
    98455   0 370
    98456   0 204
    98457   0 255
    98458   0 370
    98460   0 247
    98461   0 324
    98462   0   3
    98463   0   6
    98464   0  73
    98465   0 247
    98466   0 370
    98467   0  41
    98468   0 277
    98469   0 370
    98470   0 163
    98471   0 257
    98472   0 324
    98473   0   3
    98474   0  63
    98475   0 370
    98476   0   4
    98477   0 325
    98478   0 370
    98480   0 247
    98481   0 267
    98482   0 215
    98483   0 163
    98484   0 235
    98485   0 163
    98486   0 207
    98487   0 163
    98488   0 227
    98489   0 163
    98490   0 370
    98491   0 375
    98492   0 257
    98493   0 370
    98494   0  43
    98495   0 277
    98496   0 370
    98497   0 200
    98498   0 254
    98499   0 370
    98501   0 274
    98502   0 324
    98503   0   3
    98504   0  11
    98505   0 140
    98506   0 162
    98507   0 267
    98508   0 360
    98509   0 247
    98510   0 140
    98511   0 162
    98512   0 275
    98513   0 360
    98514   0 255
    98515   0 214
    98516   0 302
    98517   0  40
    98518   0 323
    98519   0 313
    98520   0  40
    98521   0 370
    98522   0 324
    98523   0   3
    98524   0  22
    98525   0 207
    98526   0 255
    98527   0 227
    98528   0 275
    98529   0 370
    98530   0 375
    98531   0 257
    98532   0 370
    98533   0  43
    98534   0 277
    98535   0 324
    98536   0 377
    98537   0 113
    98538   0 370
    98540   0 137
    98541   0 370
    98542   0 375
    98543   0 257
    98544   0 370
    98545   0  43
    98546   0 277
    98547   0 324
    98548   0   3
    98549   0  63
    98550   0 324
    98551   0   3
    98552   0 113
    98553   0  12
    98554   0  15
    98556   0 370
    98558   0 325
    98559   0 214
    98560   0 377
    98561   0 200
    98562   0 302
    98563   0  41
    98564   0  23
    98565   0 370
    98566   0 160
    98567   0 251
    98568   0 370
    98569   0  41
    98570   0 271
    98571   0  11
    98572   0 302
    98573   0  41
    98574   0  23
    98575   0 370
    98576   0  32
    98577   0 137
    98578   0  37
    98579   0  34
    98580   0 214
    98581   0 377
    98582   0 200
    98583   0 312
    98584   0  41
    98585   0  10
    98586   0 370
    98587   0 375
    98588   0 257
    98589   0 370
    98590   0  43
    98591   0 277
    98592   0 324
    98593   0  41
    98594   0  37
    98595   0 300
    98596   0  40
    98597   0 253
    98598   0 117
    98599   0 250
    98600   0 122
    98601   0 207
    98602   0 363
    98603   0 372
    98604   0  17
    98605   0 270
    98606   0 324
    98607   0  41
    98608   0 141
    98609   0 324
    98610   0  41
    98611   0 110
    98612   0 210
    98613   0 366
    98614   0 366
    98615   0 366
    98616   0 366
    98617   0 122
    98618   0 207
    98619   0 363
    98620   0 372
    98621   0  17
    98622   0 270
    98623   0 324
    98624   0  41
    98625   0 141
    98626   0 324
    98627   0  41
    98628   0 110
    98629   0  54
    98630   0 214
    98631   0 312
    98632   0  41
    98633   0  37
    98634   0 234
    98635   0 312
    98636   0  41
    98637   0  37
    98638   0 325
    98639   0 230
    98640   0 122
    98641   0 366
    98642   0 370
    98644   0 166
    98645   0 364
    98646   0 122
    98647   0 207
    98648   0 363
    98649   0 247
    98650   0 230
    98651   0 366
    98652   0 122
    98653   0 230
    98654   0 376
    98655   0 376
    98656   0 376
    98657   0 376
    98658   0 364
    98659   0 122
    98660   0 227
    98661   0 363
    98662   0 267
    98663   0 325
    98664   0 370
    98665   0   4
    98666   0 256
    98667   0 227
    98668   0 366
    98669   0 267
    98670   0 207
    98671   0 166
    98672   0 247
    98673   0  56
    98674   0 216
    98675   0 312
    98676   0  41
    98677   0 144
    98678   0 325
    98682   0 106
    98683   0 151
    98684   0 154
    98685   0 145
    98686   0  40
    98687   0 156
    98688   0 157
    98689   0 164
    98690   0  40
    98691   0 146
    98692   0 157
    98693   0 165
    98694   0 156
    98695   0 144
    98696   0  12
    98697   0  15
    98703   0  41
    98704   0 375
   102401   0  40
   102403   0   1
   102404   0 332
   102405   0  40
   102407   0  60
   102408   0  44
   102409   0 210
   102410   0   4
   102411   0   7
   102412   0 345
   102414   0   6
   102415   0 127
   102416   0 162
   102417   0 151
   102418   0 164
   102419   0 164
   102420   0 145
   102421   0 156
   102422   0  40
   102423   0 142
   102424   0 171
   102425   0  40
   102426   0 115
   102427   0 151
   102428   0 143
   102429   0 150
   102430   0 141
   102431   0 145
   102432   0 154
   102433   0  40
   102434   0 110
   102435   0  56
   102436   0  40
   102437   0 122
   102438   0 151
   102439   0 154
   102440   0 145
   102441   0 171
   102443   0 112
   102444   0 377
   102445   0  40
   102446   0 302
   102447   0  40
   102448   0  44
   102449   0  52
   102450   0  12
   102451   0 312
   102452   0  40
   102453   0 117
   102454   0 324
   102455   0   3
   102456   0 113
   102457   0 125
   102458   0 163
   102459   0 141
   102460   0 147
   102461   0 145
   102462   0  72
   102463   0  40
   102464   0 143
   102465   0 157
   102466   0 160
   102467   0 171
   102468   0  40
   102469   0 163
   102470   0 157
   102471   0 165
   102472   0 162
   102473   0 143
   102474   0 145
   102475   0  40
   102476   0 144
   102477   0 145
   102478   0 163
   102479   0 164
   102480   0  12
   102481   0  15
   102483   0 370
   102484   0  12
   102485   0 325
   102486   0 370
   102487   0 332
   102488   0 257
   102489   0 370
   102490   0  41
   102491   0 277
   102492   0 112
   102493   0 256
   102494   0 377
   102495   0  41
   102496   0 313
   102497   0  40
   102498   0 142
   102499   0 216
   102500   0 137
   102501   0  37
   102502   0 300
   102503   0  40
   102504   0 125
   102505   0 370
   102507   0 137
   102508   0 216
   102509   0 312
   102510   0  40
   102511   0 211
   102512   0 324
   102513   0   3
   102514   0 113
   102515   0 125
   102516   0 163
   102517   0 141
   102518   0 147
   102519   0 145
   102520   0  72
   102521   0  40
   102522   0 143
   102523   0 157
   102524   0 160
   102525   0 171
   102526   0  40
   102527   0 163
   102528   0 157
   102529   0 165
   102530   0 162
   102531   0 143
   102532   0 145
   102533   0  40
   102534   0 144
   102535   0 145
   102536   0 163
   102537   0 164
   102538   0  12
   102539   0  15
   102541   0 370
   102542   0  12
   102543   0 325
   102544   0 112
   102545   0 377
   102546   0  40
   102547   0 302
   102548   0  40
   102549   0 211
   102550   0  52
   102551   0  12
   102552   0 312
   102553   0  40
   102554   0 264
   102555   0 324
   102556   0   3
   102557   0 113
   102558   0 125
   102559   0 163
   102560   0 141
   102561   0 147
   102562   0 145
   102563   0  72
   102564   0  40
   102565   0 143
   102566   0 157
   102567   0 160
   102568   0 171
   102569   0  40
   102570   0 163
   102571   0 157
   102572   0 165
   102573   0 162
   102574   0 143
   102575   0 145
   102576   0  40
   102577   0 144
   102578   0 145
   102579   0 163
   102580   0 164
   102581   0  12
   102582   0  15
   102584   0 370
   102585   0  12
   102586   0 325
   102587   0 370
   102588   0 332
   102589   0 257
   102590   0 370
   102591   0  42
   102592   0 277
   102593   0 112
   102594   0 256
   102595   0 377
   102596   0  41
   102597   0 313
   102598   0  40
   102599   0 307
   102600   0 216
   102601   0 137
   102602   0  37
   102603   0 300
   102604   0  40
   102605   0 272
   102606   0 370
   102608   0 137
   102609   0 370
   102610   0 332
   102611   0 257
   102612   0 370
   102613   0  41
   102614   0 277
   102615   0 370
   102616   0  41
   102617   0 275
   102618   0 370
   102619   0 260
   102620   0 255
   102621   0 370
   102623   0 247
   102624   0 324
   102625   0   3
   102626   0   6
   102627   0 313
   102628   0  40
   102629   0 353
   102630   0 370
   102631   0  41
   102632   0 277
   102633   0 370
   102634   0 202
   102635   0 257
   102636   0 324
   102637   0   3
   102638   0  63
   102639   0 370
   102640   0   4
   102641   0 325
   102642   0 235
   102643   0 267
   102644   0 215
   102645   0 247
   102646   0 370
   102647   0 332
   102648   0 257
   102649   0 370
   102650   0  42
   102651   0 277
   102652   0 370
   102653   0  41
   102654   0 275
   102655   0 370
   102656   0 305
   102657   0 255
   102658   0 207
   102659   0 163
   102660   0 227
   102661   0 163
   102662   0 370
   102663   0   3
   102664   0 247
   102665   0 324
   102666   0   3
   102667   0   6
   102668   0 313
   102669   0  41
   102670   0  24
   102671   0 370
   102672   0 223
   102673   0 257
   102674   0 370
   102675   0  41
   102676   0 277
   102677   0 324
   102678   0   3
   102679   0  63
   102680   0 370
   102681   0   4
   102682   0 325
   102683   0 140
   102684   0 162
   102685   0 267
   102686   0 360
   102687   0 247
   102688   0 235
   102689   0 270
   102690   0 215
   102691   0 250
   102692   0 370
   102694   0 274
   102695   0 370
   102696   0 377
   102697   0 254
   102698   0 370
   102699   0  47
   102700   0 277
   102701   0 370
   102702   0 332
   102703   0 257
   102704   0 227
   102705   0 275
   102706   0 207
   102707   0 255
   102708   0 324
   102709   0   3
   102710   0  11
   102711   0 313
   102712   0  41
   102713   0 113
   102714   0 324
   102715   0   3
   102716   0 113
   102717   0 106
   102718   0 151
   102719   0 154
   102720   0 145
   102721   0  40
   102722   0 162
   102723   0 145
   102724   0 141
   102725   0 144
   102726   0  40
   102727   0 145
   102728   0 162
   102729   0 162
   102730   0 157
   102731   0 162
   102732   0  12
   102733   0  15
   102735   0 300
   102736   0  41
   102737   0 165
   102738   0 214
   102739   0 302
   102740   0  41
   102741   0 165
   102742   0 370
   102743   0  47
   102744   0 277
   102745   0 370
   102746   0 332
   102747   0 257
   102748   0 230
   102749   0 275
   102750   0 210
   102751   0 255
   102752   0 324
   102753   0   3
   102754   0  14
   102755   0 313
   102756   0  41
   102757   0  35
   102758   0 324
   102759   0   3
   102760   0 113
   102761   0 106
   102762   0 151
   102763   0 154
   102764   0 145
   102765   0  40
   102766   0 167
   102767   0 162
   102768   0 151
   102769   0 164
   102770   0 145
   102771   0  40
   102772   0 145
   102773   0 162
   102774   0 162
   102775   0 157
   102776   0 162
   102777   0  12
   102778   0  15
   102780   0 324
   102781   0   3
   102782   0  22
   102783   0 230
   102784   0 275
   102785   0 210
   102786   0 255
   102787   0 324
   102788   0   3
   102789   0  22
   102790   0 370
   102792   0 325
   102793   0 106
   102794   0 151
   102795   0 154
   102796   0 145
   102797   0  40
   102798   0 156
   102799   0 157
   102800   0 164
   102801   0  40
   102802   0 146
   102803   0 157
   102804   0 165
   102805   0 156
   102806   0 144
   102807   0  12
   102808   0  15
   102810   0 103
   102811   0 157
   102812   0 165
   102813   0 154
   102814   0 144
   102815   0  40
   102816   0 156
   102817   0 157
   102818   0 164
   102819   0  40
   102820   0 157
   102821   0 160
   102822   0 145
   102823   0 156
   102824   0  40
   102825   0 144
   102826   0 145
   102827   0 163
   102828   0 164
   102829   0 151
   102830   0 156
   102831   0 141
   102832   0 164
   102833   0 151
   102834   0 157
   102835   0 156
   102836   0  12
   102837   0  15
   102843   0  43
   102844   0 332
   102864   0  45
   102865   0 332
   106497   0  40
   106499   0   3
   106500   0 160
   106501   0  40
   106503   0  60
   106504   0 217
   106505   0 210
   106506   0   4
   106507   0   7
   106508   0 345
   106510   0  10
   106511   0 127
   106512   0 162
   106513   0 151
   106514   0 164
   106515   0 164
   106516   0 145
   106517   0 156
   106518   0  40
   106519   0 142
   106520   0 171
   106521   0  40
   106522   0 115
   106523   0 151
   106524   0 143
   106525   0 150
   106526   0 141
   106527   0 145
   106528   0 154
   106529   0  40
   106530   0 110
   106531   0  56
   106532   0  40
   106533   0 122
   106534   0 151
   106535   0 154
   106536   0 145
   106537   0 171
   106608   0  43
   106609   0 160
   106629   0  45
   106630   0 160
   106646   0 370
   106647   0  40
   106648   0 271
   106649   0 232
   106650   0 277
   106651   0 212
   106652   0 257
   106653   0 324
   106654   0 377
   106655   0  25
   106656   0 370
   106657   0  44
   106658   0 251
   106659   0 117
   106660   0 131
   106661   0 324
   106662   0 377
   106663   0  25
   106664   0 370
   106665   0  45
   106666   0 251
   106667   0 117
   106668   0 131
   106669   0  31
   106670   0 377
   106671   0  41
   106672   0  63
   106673   0 244
   106674   0  51
   106675   0 370
   106676   0  56
   106677   0 131
   106678   0  31
   106679   0 370
   106680   0 154
   106681   0 131
   106682   0  31
   106683   0 370
   106684   0 142
   106685   0 131
   106686   0  31
   106687   0 370
   106688   0 162
   106689   0 131
   106690   0  31
   106691   0 370
   106693   0 131
   106694   0  31
   106695   0 324
   106696   0 377
   106697   0  25
   106698   0 370
   106699   0  44
   106700   0 251
   106701   0  11
   106702   0 377
   106703   0 141
   106704   0 302
   106705   0  42
   106706   0 111
   106707   0 377
   106708   0   3
   106709   0 377
   106710   0   1
   106711   0 302
   106712   0  41
   106713   0   2
   106714   0 377
   106715   0   7
   106716   0 302
   106717   0  41
   106718   0 317
   106719   0 370
   106720   0  43
   106721   0 277
   106722   0 370
   106723   0 112
   106724   0 257
   106725   0 324
   106726   0   3
   106727   0  63
   106728   0 370
   106729   0  11
   106730   0 325
   106731   0 370
   106732   0  43
   106733   0 277
   106734   0 370
   106735   0  54
   106736   0 257
   106737   0 324
   106738   0   3
   106739   0  63
   106740   0 370
   106741   0   4
   106742   0 325
   106743   0 370
   106744   0  40
   106745   0 277
   106746   0 370
   106747   0  45
   106748   0 257
   106749   0 370
   106750   0  40
   106751   0 275
   106752   0 370
   106753   0 145
   106754   0 255
   106755   0 106
   106756   0 247
   106757   0 324
   106758   0   3
   106759   0   6
   106760   0 325
   106761   0 324
   106762   0  40
   106763   0 360
   106765   0 303
   106766   0  40
   106767   0 344
   106768   0 370
   106769   0  40
   106770   0 277
   106771   0 370
   106772   0 105
   106773   0 257
   106774   0 370
   106776   0 274
   106777   0 370
   106778   0   1
   106779   0 254
   106780   0 324
   106781   0   3
   106782   0  11
   106783   0 303
   106784   0  42
   106785   0  70
   106786   0 214
   106787   0 302
   106788   0  42
   106789   0  70
   106790   0  57
   106791   0  17
   106792   0 377
   106793   0  32
   106794   0 302
   106795   0  42
   106796   0  70
   106797   0 117
   106798   0 312
   106799   0  41
   106800   0  17
   106801   0 370
   106802   0  40
   106803   0 277
   106804   0 370
   106805   0 105
   106806   0 257
   106807   0 324
   106808   0   3
   106809   0  63
   106810   0 324
   106811   0  42
   106812   0  76
   106813   0 370
   106814   0  47
   106815   0 277
   106816   0 370
   106817   0 160
   106818   0 257
   106819   0 370
   106821   0 274
   106822   0 370
   106823   0   5
   106824   0 254
   106825   0 324
   106826   0   3
   106827   0  11
   106828   0 370
   106829   0   3
   106830   0 247
   106831   0 370
   106832   0 160
   106833   0 257
   106834   0 370
   106835   0  47
   106836   0 277
   106837   0  17
   106838   0 372
   106839   0   1
   106840   0 302
   106841   0  41
   106842   0 127
   106843   0 370
   106844   0  13
   106845   0 247
   106846   0 370
   106847   0  40
   106848   0 277
   106849   0 370
   106850   0 105
   106851   0 257
   106852   0 370
   106853   0 172
   106854   0 255
   106855   0 324
   106856   0   3
   106857   0   6
   106858   0 370
   106859   0  47
   106860   0 277
   106861   0 370
   106862   0 160
   106863   0 257
   106864   0  37
   106865   0 117
   106866   0 270
   106867   0 117
   106868   0 250
   106869   0 117
   106870   0 267
   106871   0 117
   106872   0 247
   106873   0 230
   106874   0 122
   106875   0 210
   106876   0 361
   106877   0 122
   106878   0 227
   106879   0 361
   106880   0 312
   106881   0  41
   106882   0 242
   106883   0 370
   106885   0 274
   106886   0 207
   106887   0 254
   106888   0 370
   106889   0  47
   106890   0 277
   106891   0 370
   106892   0 160
   106893   0 257
   106894   0 370
   106895   0 145
   106896   0 255
   106897   0 324
   106898   0   3
   106899   0  11
   106900   0 370
   106901   0  47
   106902   0 277
   106903   0 370
   106904   0 160
   106905   0 257
   106906   0 370
   106907   0 172
   106908   0 255
   106909   0 324
   106910   0   3
   106911   0  14
   106912   0 324
   106913   0   3
   106914   0  22
   106915   0 370
   106916   0 145
   106917   0 255
   106918   0 300
   106919   0  41
   106920   0  11
   106921   0 370
   106922   0   1
   106923   0 274
   106924   0 370
   106926   0 254
   106927   0 370
   106928   0  47
   106929   0 277
   106930   0 370
   106931   0 160
   106932   0 257
   106933   0 370
   106934   0 145
   106935   0 255
   106936   0 324
   106937   0   3
   106938   0  11
   106939   0 370
   106940   0  47
   106941   0 277
   106942   0 370
   106943   0 160
   106944   0 257
   106945   0 370
   106946   0 172
   106947   0 255
   106948   0 324
   106949   0   3
   106950   0  14
   106951   0 227
   106952   0 377
   106953   0   1
   106954   0 267
   106955   0 210
   106956   0 177
   106958   0 250
   106959   0 230
   106960   0 177
   106962   0 270
   106963   0 300
   106964   0  41
   106965   0 162
   106966   0 324
   106967   0  40
   106968   0 360
   106970   0 303
   106971   0  40
   106972   0 344
   106973   0 370
   106974   0  47
   106975   0 277
   106976   0 370
   106977   0 160
   106978   0 257
   106979   0 370
   106981   0 274
   106982   0 370
   106983   0   1
   106984   0 254
   106985   0 324
   106986   0   3
   106987   0  11
   106988   0 303
   106989   0  42
   106990   0  70
   106991   0 214
   106992   0 302
   106993   0  42
   106994   0  70
   106995   0 370
   106996   0  47
   106997   0 277
   106998   0 370
   106999   0 160
   107000   0 257
   107001   0  17
   107002   0 302
   107003   0  42
   107004   0   2
   107005   0 377
   107006   0  32
   107007   0 302
   107008   0  42
   107009   0  70
   107010   0  17
   107011   0 324
   107012   0   3
   107013   0  60
   107014   0 300
   107015   0  41
   107016   0 326
   107017   0 324
   107018   0  42
   107019   0  76
   107020   0 370
   107021   0  47
   107022   0 277
   107023   0 370
   107024   0 160
   107025   0 257
   107026   0 370
   107028   0 274
   107029   0 370
   107030   0   5
   107031   0 254
   107032   0 324
   107033   0   3
   107034   0  11
   107035   0 303
   107036   0  42
   107037   0  70
   107038   0 214
   107039   0 377
   107040   0   5
   107041   0 312
   107042   0  42
   107043   0  70
   107044   0 370
   107045   0  47
   107046   0 277
   107047   0 370
   107048   0 160
   107049   0 257
   107050   0  37
   107051   0 117
   107052   0 270
   107053   0 117
   107054   0 250
   107055   0 117
   107056   0 267
   107057   0 117
   107058   0 247
   107059   0 370
   107061   0 274
   107062   0 370
   107063   0   1
   107064   0 254
   107065   0 324
   107066   0   3
   107067   0  17
   107068   0 300
   107069   0  41
   107070   0 326
   107071   0 324
   107072   0  42
   107073   0  76
   107074   0 370
   107076   0 325
   107077   0 370
   107078   0  12
   107079   0 324
   107080   0   3
   107081   0  60
   107082   0 370
   107083   0  15
   107084   0 324
   107085   0   3
   107086   0  60
   107087   0 325
   107088   0 237
   107089   0 272
   107090   0 217
   107091   0 252
   107092   0 324
   107093   0  40
   107094   0 360
   107095   0   5
   107096   0 303
   107097   0  40
   107098   0 344
   107099   0  12
   107100   0 302
   107101   0  42
   107102   0 346
   107103   0 370
   107104   0 105
   107105   0 251
   107106   0 324
   107107   0  42
   107108   0 373
   107109   0 370
   107110   0  40
   107111   0 277
   107112   0 370
   107113   0 105
   107114   0 257
   107115   0 324
   107116   0   3
   107117   0  14
   107118   0 370
   107119   0  40
   107120   0 277
   107121   0 370
   107122   0 105
   107123   0 257
   107124   0 370
   107125   0 172
   107126   0 255
   107127   0 370
   107128   0   4
   107129   0 247
   107130   0 324
   107131   0   3
   107132   0   6
   107133   0 303
   107134   0  42
   107135   0 354
   107136   0 370
   107137   0 202
   107138   0 255
   107139   0  15
   107140   0 376
   107141   0 376
   107142   0 176
   107143   0 372
   107144   0   1
   107145   0 256
   107146   0 370
   107147   0 145
   107148   0 255
   107149   0 370
   107150   0  47
   107151   0 277
   107152   0 370
   107153   0 160
   107154   0 257
   107155   0 216
   107156   0 137
   107157   0 370
   107159   0 274
   107160   0 370
   107161   0   1
   107162   0 254
   107163   0 324
   107164   0   3
   107165   0  14
   107166   0 370
   107167   0  40
   107168   0 277
   107169   0 370
   107170   0 172
   107171   0 257
   107172   0 370
   107174   0 274
   107175   0 370
   107176   0   4
   107177   0 254
   107178   0 324
   107179   0   3
   107180   0  14
   107181   0 370
   107182   0 172
   107183   0 255
   107184   0 370
   107186   0 267
   107187   0 247
   107188   0 270
   107189   0 250
   107190   0 274
   107191   0 254
   107192   0 324
   107193   0   3
   107194   0  17
   107195   0 370
   107196   0 172
   107197   0 255
   107198   0 370
   107199   0  47
   107200   0 277
   107201   0 370
   107202   0 160
   107203   0 257
   107204   0 370
   107205   0   4
   107206   0 274
   107207   0 370
   107209   0 254
   107210   0 324
   107211   0   3
   107212   0  11
   107213   0 303
   107214   0  42
   107215   0 321
   107216   0 214
   107217   0 312
   107218   0  42
   107219   0 327
   107220   0 234
   107221   0 312
   107222   0  42
   107223   0 327
   107224   0 370
   107225   0 145
   107226   0 255
   107227   0 300
   107228   0  42
   107229   0 124
   107230   0 370
   107231   0 145
   107232   0 255
   107233   0 370
   107234   0  47
   107235   0 277
   107236   0 370
   107237   0 160
   107238   0 257
   107239   0 324
   107240   0   3
   107241   0  14
   107242   0 300
   107243   0  42
   107244   0 264
   107245   0 324
   107246   0   3
   107247   0  22
   107248   0 370
   107250   0 325
   107251   0 370
   107252   0  43
   107253   0 277
   107254   0 370
   107255   0  33
   107256   0 257
   107257   0 324
   107258   0   3
   107259   0  63
   107260   0 370
   107261   0 145
   107262   0 251
   107263   0 300
   107264   0  42
   107265   0 346
   107266   0 370
   107268   0 274
   107269   0 254
   107270   0 112
   107271   0 131
   107272   0  31
   107273   0  34
   107274   0 377
   107275   0  41
   107276   0 303
   107277   0  42
   107278   0 377
   107279   0  51
   107280   0 370
   107282   0 131
   107283   0  52
   107284   0  12
   107285   0 302
   107286   0  43
   107287   0  32
   107288   0 377
   107289   0  41
   107290   0 303
   107291   0  43
   107292   0  32
   107293   0  32
   107294   0 300
   107295   0  43
   107296   0  15
   107297   0 325
   107298   0 106
   107299   0 151
   107300   0 154
   107301   0 145
   107302   0  40
   107303   0 156
   107304   0 157
   107305   0 164
   107306   0  40
   107307   0 146
   107308   0 157
   107309   0 165
   107310   0 156
   107311   0 144
   107312   0  12
   107313   0  15
   107315   0 103
   107316   0 157
   107317   0 165
   107318   0 154
   107319   0 144
   107320   0  40
   107321   0 156
   107322   0 157
   107323   0 164
   107324   0  40
   107325   0 157
   107326   0 160
   107327   0 145
   107328   0 156
   107329   0  40
   107330   0 154
   107331   0 151
   107332   0 142
   107333   0 162
   107334   0 141
   107335   0 162
   107336   0 171
   107337   0  40
   107338   0 146
   107339   0 151
   107340   0 154
   107341   0 145
   107342   0  12
   107343   0  15
   107345   0 125
   107346   0 163
   107347   0 141
   107348   0 147
   107349   0 145
   107350   0  72
   107351   0  40
   107352   0 154
   107353   0 142
   107354   0 162
   107355   0  40
   107356   0 133
   107357   0 141
   107358   0  40
   107359   0 144
   107360   0  40
   107361   0 145
   107362   0  40
   107363   0 154
   107364   0 135
   107365   0  40
   107366   0 154
   107367   0 151
   107368   0 142
   107369   0 156
   107370   0 141
   107371   0 155
   107372   0 145
   107373   0  40
   107374   0 133
   107375   0 146
   107376   0 151
   107377   0 154
   107378   0 145
   107379   0 135
   107380   0  12
   107381   0  15
   110593   0  40
   110595   0   3
   110596   0 323
   110597   0  40
   110599   0  60
   110600   0  71
   110601   0 210
   110602   0   5
   110603   0   7
   110604   0 345
   110606   0  25
   110607   0 127
   110608   0 162
   110609   0 151
   110610   0 164
   110611   0 164
   110612   0 145
   110613   0 156
   110614   0  40
   110615   0 142
   110616   0 171
   110617   0  40
   110618   0 115
   110619   0 151
   110620   0 143
   110621   0 150
   110622   0 141
   110623   0 145
   110624   0 154
   110625   0  40
   110626   0 110
   110627   0  56
   110628   0  40
   110629   0 122
   110630   0 151
   110631   0 154
   110632   0 145
   110633   0 171
   110639   0  43
   110640   0 323
   110656   0 112
   110657   0 377
   110658   0  40
   110659   0 302
   110660   0  40
   110661   0  71
   110662   0  52
   110663   0  12
   110664   0 312
   110665   0  40
   110666   0 135
   110667   0 324
   110668   0 377
   110669   0 146
   110670   0 125
   110671   0 163
   110672   0 141
   110673   0 147
   110674   0 145
   110675   0  72
   110676   0  40
   110677   0 170
   110678   0 162
   110679   0  40
   110680   0 146
   110681   0 151
   110682   0 154
   110683   0 145
   110684   0 156
   110685   0 141
   110686   0 155
   110687   0 145
   110688   0  12
   110689   0  15
   110691   0 325
   110692   0 232
   110693   0 277
   110694   0 212
   110695   0 257
   110696   0 112
   110697   0 377
   110698   0  41
   110699   0 303
   110700   0  40
   110701   0 141
   110702   0  52
   110703   0 370
   110705   0 132
   110706   0 370
   110707   0  40
   110708   0 275
   110709   0 370
   110710   0  44
   110711   0 255
   110712   0 370
   110713   0   3
   110714   0 247
   110715   0 324
   110716   0   3
   110717   0   6
   110718   0 313
   110719   0  40
   110720   0 223
   110721   0 370
   110722   0  40
   110723   0 277
   110724   0 370
   110725   0 206
   110726   0 257
   110727   0 324
   110728   0   3
   110729   0  63
   110730   0 370
   110731   0   4
   110732   0 325
   110733   0 146
   110734   0 151
   110735   0 154
   110736   0 145
   110737   0  40
   110738   0 145
   110739   0 162
   110740   0 162
   110741   0 157
   110742   0 162
   110743   0  12
   110744   0  15
   110746   0 324
   110747   0  40
   110748   0 275
   110749   0 370
   110750   0  47
   110751   0 277
   110752   0 370
   110753   0 323
   110754   0 257
   110755   0 370
   110756   0 200
   110757   0 254
   110758   0 370
   110760   0 274
   110761   0 324
   110762   0  40
   110763   0 367
   110764   0 303
   110765   0  40
   110766   0 264
   110767   0 370
   110768   0  47
   110769   0 277
   110770   0 370
   110771   0 323
   110772   0 257
   110773   0 324
   110774   0   3
   110775   0  14
   110776   0 300
   110777   0  40
   110778   0 226
   110779   0 324
   110780   0   3
   110781   0  22
   110782   0 324
   110783   0  41
   110784   0 357
   110785   0 370
   110787   0 325
   110788   0 217
   110789   0 163
   110790   0 237
   110791   0 163
   110792   0 370
   110793   0 323
   110794   0 257
   110795   0 370
   110796   0  45
   110797   0 277
   110798   0 236
   110799   0 137
   110800   0 372
   110801   0 376
   110802   0 276
   110803   0  37
   110804   0 370
   110805   0  25
   110806   0 137
   110807   0  37
   110808   0 370
   110809   0   1
   110810   0 137
   110811   0  37
   110812   0 370
   110813   0 200
   110814   0 137
   110815   0  37
   110816   0 370
   110818   0 137
   110819   0 370
   110821   0 257
   110822   0 277
   110823   0 370
   110824   0  20
   110825   0 256
   110826   0  57
   110827   0 217
   110828   0 312
   110829   0  40
   110830   0 343
   110831   0 237
   110832   0 312
   110833   0  40
   110834   0 343
   110835   0  56
   110836   0 216
   110837   0 312
   110838   0  40
   110839   0 343
   110840   0 140
   110841   0 162
   110842   0 277
   110843   0 360
   110844   0 257
   110845   0 325
   110846   0 212
   110847   0 163
   110848   0 232
   110849   0 163
   110850   0 211
   110851   0 163
   110852   0 231
   110853   0 163
   110854   0 210
   110855   0 163
   110856   0 230
   110857   0 163
   110858   0 370
   110860   0 250
   110861   0 370
   110863   0 270
   110864   0 370
   110865   0 326
   110866   0 252
   110867   0 370
   110868   0  45
   110869   0 272
   110870   0  12
   110871   0 251
   110872   0 122
   110873   0 370
   110874   0 333
   110875   0 364
   110876   0 252
   110877   0 370
   110878   0  45
   110879   0 174
   110881   0 272
   110882   0 211
   110883   0 372
   110884   0 200
   110885   0 302
   110886   0  41
   110887   0  60
   110888   0 324
   110889   0  41
   110890   0 165
   110891   0 303
   110892   0  41
   110893   0 135
   110894   0 370
   110895   0 333
   110896   0 252
   110897   0 370
   110898   0  45
   110899   0 272
   110900   0 370
   110902   0 251
   110903   0 112
   110904   0 137
   110905   0  37
   110906   0  31
   110907   0  30
   110908   0  54
   110909   0 214
   110910   0 312
   110911   0  41
   110912   0  33
   110913   0 234
   110914   0 312
   110915   0  41
   110916   0  33
   110917   0 370
   110918   0 326
   110919   0 252
   110920   0 370
   110921   0  45
   110922   0 272
   110923   0 211
   110924   0 132
   110925   0 210
   110926   0 254
   110927   0 230
   110928   0 274
   110929   0 140
   110930   0 162
   110931   0 270
   110932   0 360
   110933   0 250
   110934   0 140
   110935   0 162
   110936   0 271
   110937   0 360
   110938   0 251
   110939   0 140
   110940   0 162
   110941   0 272
   110942   0 360
   110943   0 252
   110944   0 370
   110946   0 366
   110947   0 325
   110948   0 210
   110949   0 254
   110950   0 230
   110951   0 274
   110952   0 140
   110953   0 162
   110954   0 270
   110955   0 360
   110956   0 250
   110957   0 140
   110958   0 162
   110959   0 271
   110960   0 360
   110961   0 251
   110962   0 140
   110963   0 162
   110964   0 272
   110965   0 360
   110966   0 252
   110967   0 370
   110968   0   1
   110969   0 300
   110970   0  41
   110971   0 133
   110972   0 217
   110973   0 163
   110974   0 237
   110975   0 163
   110976   0 214
   110977   0 163
   110978   0 234
   110979   0 163
   110980   0 324
   110981   0  43
   110983   0 303
   110984   0  41
   110985   0 335
   110986   0 370
   110987   0 331
   110988   0 257
   110989   0 370
   110990   0  45
   110991   0 277
   110992   0  17
   110993   0 122
   110994   0 370
   110995   0 325
   110996   0 257
   110997   0 370
   110998   0  45
   110999   0 277
   111000   0  17
   111001   0 367
   111002   0 312
   111003   0  41
   111004   0 321
   111005   0 370
   111006   0 333
   111007   0 257
   111008   0 370
   111009   0  45
   111010   0 277
   111011   0 370
   111013   0 274
   111014   0 370
   111015   0 200
   111016   0 254
   111017   0 117
   111018   0 122
   111019   0 234
   111020   0 364
   111021   0 274
   111022   0  54
   111023   0 214
   111024   0 312
   111025   0  41
   111026   0 242
   111027   0  17
   111028   0 122
   111029   0 234
   111030   0 367
   111031   0 312
   111032   0  41
   111033   0 321
   111034   0 370
   111035   0 324
   111036   0 257
   111037   0 370
   111038   0  45
   111039   0 277
   111040   0 370
   111041   0   6
   111042   0 137
   111043   0  37
   111044   0  17
   111045   0 374
   111046   0   1
   111047   0 137
   111048   0  37
   111049   0 370
   111051   0 137
   111052   0 366
   111053   0 140
   111054   0 162
   111055   0 274
   111056   0 360
   111057   0 254
   111058   0 140
   111059   0 162
   111060   0 277
   111061   0 360
   111062   0 257
   111063   0 325
   111064   0 370
   111065   0 324
   111066   0 257
   111067   0 370
   111068   0  45
   111069   0 277
   111070   0 370
   111071   0  25
   111072   0 137
   111073   0 300
   111074   0  41
   111075   0 175
   111076   0 370
   111077   0   6
   111078   0 324
   111079   0  43
   111080   0 234
   111081   0 370
   111082   0 327
   111083   0 257
   111084   0 370
   111085   0  45
   111086   0 277
   111087   0 370
   111088   0   1
   111089   0 137
   111090   0 366
   111091   0 300
   111092   0  41
   111093   0 306
   111094   0 370
   111095   0 323
   111096   0 257
   111097   0 370
   111098   0  45
   111099   0 277
   111100   0  17
   111101   0 276
   111102   0 324
   111103   0 377
   111104   0 146
   111105   0  12
   111106   0  15
   111107   0 130
   111108   0 115
   111109   0 117
   111110   0 104
   111111   0 105
   111112   0 115
   111113   0  40
   111114   0 162
   111115   0 145
   111116   0 143
   111117   0 145
   111118   0 151
   111119   0 166
   111120   0 145
   111121   0  40
   111122   0 143
   111123   0 157
   111124   0 155
   111125   0 160
   111126   0 154
   111127   0 145
   111128   0 164
   111129   0 145
   111130   0  12
   111131   0  15
   111132   0  12
   111133   0  15
   111135   0 325
   111367   0 214
   111368   0 163
   111369   0 234
   111370   0 163
   111371   0 212
   111372   0 163
   111373   0 232
   111374   0 163
   111375   0 215
   111376   0 163
   111377   0 235
   111378   0 163
   111379   0 211
   111380   0 163
   111381   0 231
   111382   0 163
   111383   0 370
   111384   0 204
   111385   0 252
   111386   0 370
   111387   0   1
   111388   0 272
   111389   0 370
   111390   0 324
   111391   0 257
   111392   0 370
   111393   0  45
   111394   0 277
   111395   0  17
   111396   0 271
   111397   0 370
   111398   0 222
   111399   0 255
   111400   0 370
   111401   0  43
   111402   0 275
   111403   0 370
   111404   0  11
   111405   0 251
   111406   0 370
   111408   0 366
   111409   0  63
   111410   0  57
   111411   0 172
   111412   0  60
   111413   0  62
   111414   0 173
   111415   0  60
   111416   0  62
   111417   0 335
   111418   0 342
   111419   0 342
   111420   0 231
   111421   0 166
   111422   0 271
   111423   0  51
   111424   0 211
   111425   0  72
   111426   0  52
   111427   0 173
   111428   0 370
   111429   0 330
   111430   0 257
   111431   0 370
   111432   0  45
   111433   0 277
   111434   0 370
   111435   0  10
   111436   0 254
   111437   0 236
   111438   0 274
   111439   0 366
   111440   0 366
   111441   0 276
   111442   0  75
   111443   0 113
   111444   0 335
   111445   0 234
   111446   0 276
   111447   0 335
   111448   0  60
   111449   0 125
   111450   0  60
   111451   0 133
   111452   0 234
   111453   0 366
   111454   0  65
   111455   0 123
   111456   0 371
   111457   0 200
   111458   0 274
   111459   0 335
   111460   0  54
   111461   0 304
   111462   0 304
   111463   0 214
   111464   0  72
   111465   0 125
   111466   0 234
   111467   0 137
   111468   0  37
   111469   0 232
   111470   0 366
   111471   0 272
   111472   0  73
   111473   0 164
   111474   0 234
   111475   0 377
   111476   0   4
   111477   0  72
   111478   0 164
   111479   0 370
   111480   0   1
   111481   0  60
   111482   0 173
   111483   0  52
   111484   0 212
   111485   0 312
   111486   0  43
   111487   0 103
   111488   0 370
   111490   0 366
   111491   0 140
   111492   0 162
   111493   0 271
   111494   0 360
   111495   0 251
   111496   0 140
   111497   0 162
   111498   0 275
   111499   0 360
   111500   0 255
   111501   0 140
   111502   0 162
   111503   0 272
   111504   0 360
   111505   0 252
   111506   0 140
   111507   0 162
   111508   0 274
   111509   0 360
   111510   0 254
   111511   0 325
   111512   0 323
   111513   0 236
   111514   0 366
   111515   0 256
   111516   0 342
   111517   0  56
   111518   0 216
   111519   0  62
   111520   0 221
   111521   0  60
   111522   0 226
   111523   0 256
   111524   0 217
   111525   0 163
   111526   0 237
   111527   0 163
   111528   0 215
   111529   0 163
   111530   0 235
   111531   0 163
   111532   0 216
   111533   0 277
   111534   0 370
   111535   0  11
   111536   0 257
   111537   0 370
   111538   0 222
   111539   0 255
   111540   0 370
   111541   0  43
   111542   0 275
   111543   0 370
   111545   0 366
   111546   0  63
   111547   0 270
   111548   0 172
   111549   0  60
   111550   0 273
   111551   0 173
   111552   0  60
   111553   0 273
   111554   0 335
   111555   0 342
   111556   0 342
   111557   0 237
   111558   0 166
   111559   0 277
   111560   0  57
   111561   0 217
   111562   0  72
   111563   0 263
   111564   0 173
   111565   0 335
   111566   0 335
   111567   0 140
   111568   0 162
   111569   0 275
   111570   0 360
   111571   0 255
   111572   0 140
   111573   0 162
   111574   0 277
   111575   0 360
   111576   0 257
   111577   0 325
