        1 212 220
        2 204 263
        3 344 370
        4   3   6
        5   0 243
        6   0 323
        7  10 370
        8   0 377
        9   0 264
       10   0 370
       11   0 340
       12   2 244
       13  40 370
       14   0 377
       15   3 265
       16   0 370
       17   0 361
       18 344 245
       19   0 370
       21 106 262
       22 103 370
       23  60 360
       24  60 242
       25  60 370
       26  60   1
       27  60 247
       28  60 370
       29  60   3
       30  60 277
       31  40 370
       32  40   0
       33  40 257
       34  40 342
       35  40 207
       36  40 122
       37  40 144
       38  40  42
       39  40 163
       40  40 370
       41   1   0
       42   0 267
       43   1 250
       44   0 370
       45   4 340
       46   0 270
       47  60 324
       48 116 377
       49  61  74
       50  65 140
       51  61 162
       52  61 247
       53 104  27
       54  65 207
       55 154 377
       56 106  17
       57 163  72
       58 141  42
       59  40 370
       60 150   3
       61 141 260
       62 103 370
       63 144   0
       64 162 240
       65  40 320
       66  40   0
       67  40   0
       68  40   0
       69  40   0
       70  40   0
       71  40   0
       72  40   0
       73  40   0
       74  40   0
       75  40   0
       76  40   0
       77  40   0
       78  40   0
       79  40   0
       80  40   0
       81  40   0
       82  40   0
       83  40   0
       84  40   0
       85  40   0
       86  40   0
       87  40   0
       88  40   0
       89  40   0
       90  40   0
       91  40   0
       92  40   0
       93  40   0
       94  40   0
       95   1   0
      100  17   0
      104   2   0
      107   3   0
      109 344   0
      110   3   0
      111  10   0
      113  40   0
      116 344   0
      117   3   0
      120   1   0
      122 344   0
      123   3   0
      127   7   0
      128   4   0
      129   3   0
      131 170   0
      133 170   0
      135 170   0
      137 170   0
      261  61   1
      262  61   0
      263  65 220
      264  61   0
      265  70   0
      266 142   0
      267   0  10
      268   0 174
      269   0 200
      304   0  22
      307   0   1
      312   0 115
      313   0 104
     8705   0 377
     8706   0 377
     8707   0 377
     8708   0 377
     8709   0 377
     8710   0 377
     8711   0 377
     8712   0 377
     8713   0 377
     8714   0 377
     8715   0 377
     8716   0 377
     8717   0 377
     8718   0 377
     8719   0 377
     8720   0 377
     8721   0 377
     8722   0 377
     8723   0 377
     8724   0 377
     8725   0 377
     8726   0 377
     8727   0 377
     8728   0 377
     8729   0 377
     8730   0 377
     8731   0 377
     8732   0 377
     8733   0 377
     8734   0 377
     8735   0 377
     8736   0 377
     8737   0 377
     8738   0 377
     8739   0 377
     8740   0 377
     8741   0 376
     8742   0 376
    72449   0 377
    72450   0 377
    72451   0 377
    72452   0 377
    72453   0 377
    72454   0 377
    72455   0 377
    72456   0 377
    72457   0 377
    72458   0 377
    72459   0 377
    72460   0 377
    72461   0 377
    72462   0 377
    72463   0 377
    72464   0 377
    72465   0 377
    72466   0 377
    72467   0 377
    72468   0 377
    72469   0 377
    72470   0 377
    72471   0 377
    72472   0 377
    72473   0 377
    72474   0 377
    72475   0 377
    72476   0 377
    72477   0 377
    72478   0 377
    72479   0 377
    72480   0 377
    72481   0 377
    72482   0 377
    72483   0 377
    72484   0 377
    72485   0 377
    72486   0 377
    72487   0 377
    72488   0 377
    72489   0 377
    72490   0 377
    72491   0 377
    72492   0 377
    72493   0 377
    72494   0 377
    72495   0 377
    72496   0 377
    72497   0 377
    72498   0 377
    72499   0 377
    72500   0 377
    72501   0 377
    72502   0 377
    72503   0 377
    72504   0 377
    72505   0 377
    72506   0 377
    72507   0 377
    72508   0 377
    72509   0 377
    72510   0 377
    72511   0 377
    72512   0 377
    72513   0 377
    72514   0 377
    72515   0 377
    72516   0 377
    72517   0 377
    72518   0 377
    72519   0 377
    72520   0 377
    72521   0 377
    72522   0 377
    72523   0 377
    72524   0 377
    72525   0 377
    72526   0 377
    72527   0 377
    72528   0 377
    72529   0 377
    72530   0 377
    72531   0 377
    72532   0 377
    72533   0 377
    72534   0 377
    72535   0 377
    72536   0 377
    72537   0 377
    72538   0 377
    72539   0 377
    72540   0 377
    72541   0 377
    72542   0 377
    72543   0 377
    72544   0 377
    72545   0 377
    72546   0 377
    72547   0 377
    72548   0 377
    72549   0 377
    72550   0 377
    72551   0 377
    72552   0 377
    72553   0 377
    72554   0 377
    72555   0 377
    72556   0 377
    72557   0 377
    72558   0 377
    72559   0 377
    72560   0 377
    72561   0 377
    72562   0 377
    72563   0 377
    72564   0 377
    72565   0 377
    72566   0 377
    72567   0 377
    72568   0 377
    72569   0 377
    72570   0 377
    72571   0 377
    72572   0 377
    72573   0 377
    72574   0 377
    72575   0 377
    72576   0 377
    72577   0 377
    72578   0 377
    72579   0 377
    72580   0 377
    72581   0 377
    72582   0 377
    72583   0 377
    72584   0 377
    72585   0 377
    72586   0 377
    72587   0 377
    72588   0 377
    72589   0 377
    72590   0 377
    72591   0 377
    72592   0 377
    72593   0 377
    72594   0 377
    72595   0 377
    72596   0 377
    72597   0 377
    72598   0 377
    72599   0 377
    72600   0 377
    72601   0 377
    72602   0 377
    72603   0 377
    72604   0 377
    72605   0 377
    72606   0 377
    72607   0 377
    72608   0 377
    72609   0 377
    72610   0 377
    72611   0 377
    72612   0 377
    72613   0 377
    72614   0 377
    72615   0 377
    72616   0 377
    72617   0 377
    72618   0 377
    72619   0 377
    72620   0 377
    72621   0 377
    72622   0 377
    72623   0 377
    72624   0 377
    72625   0 377
    72626   0 377
    72627   0 377
    72628   0 377
    72629   0 377
    72630   0 377
    72631   0 377
    72632   0 377
    72633   0 377
    72634   0 377
    72635   0 377
    72636   0 377
    72637   0 377
    72638   0 377
    72639   0 377
    72640   0 377
    72641   0 377
    72642   0 377
    72643   0 377
    72644   0 377
    72645   0 377
    72646   0 377
    72647   0 377
    72648   0 377
    72649   0 377
    72650   0 377
    72651   0 377
    72652   0 377
    72653   0 377
    72654   0 377
    72655   0 377
    72656   0 377
    72657   0 377
    72658   0 377
    72659   0 377
    72660   0 377
    72661   0 377
    72662   0 377
    72663   0 377
    72664   0 377
    72665   0 377
    72666   0 377
    72667   0 377
    72668   0 377
    72669   0 377
    72670   0 377
    72671   0 377
    72672   0 377
    72673   0 377
    72674   0 377
    72675   0 377
    72676   0 377
    72677   0 377
    72678   0 377
    72679   0 377
    72680   0 377
    72681   0 377
    72682   0 377
    72683   0 377
    72684   0 377
    72685   0 377
    72686   0 377
    72687   0 377
    72688   0 377
    72689   0 377
    72690   0 377
    72691   0 377
    72692   0 377
    72693   0 377
    72694   0 377
    72695   0 377
    72696   0 377
    72697   0 377
    72698   0 377
    72699   0 377
    72700   0 377
    72701   0 377
    72702   0 377
    72703   0 377
    72704   0 377
    72705   0 377
    72706   0 377
    72707   0 377
    72708   0 377
    72709   0 377
    72710   0 377
    72711   0 377
    72712   0 377
    72713   0 377
    72714   0 377
    72715   0 377
    72716   0 377
    72717   0 377
    72718   0 377
    72719   0 377
    72720   0 377
    72721   0 377
    72722   0 377
    72723   0 377
    72724   0 377
    72725   0 377
    72726   0 377
    72727   0 377
    72728   0 377
    72729   0 377
    72730   0 377
    72731   0 377
    72732   0 377
    72733   0 377
    72734   0 377
    72735   0 377
    72736   0 377
    72737   0 377
    72738   0 377
    72739   0 377
    72740   0 377
    72741   0 377
    72742   0 377
    72743   0 377
    72744   0 377
    72745   0 377
    72746   0 377
    72747   0 377
    72748   0 377
    72749   0 377
    72750   0 377
    72751   0 377
    72752   0 377
    72753   0 377
    72754   0 377
    72755   0 377
    72756   0 377
    72757   0 377
    72758   0 377
    72759   0 377
    72760   0 377
    72761   0 377
    72762   0 377
    72763   0 377
    72764   0 377
    72765   0 377
    72766   0 377
    72767   0 377
    72768   0 377
    72769   0 377
    72770   0 377
    72771   0 377
    72772   0 377
    72773   0 377
    72774   0 377
    72775   0 377
    72776   0 377
    72777   0 377
    72778   0 377
    72779   0 377
    72780   0 377
    72781   0 377
    72782   0 377
    72783   0 377
    72784   0 377
    72785   0 377
    72786   0 377
    72787   0 377
    72788   0 377
    72789   0 377
    72790   0 377
    72791   0 377
    72792   0 377
    72793   0 377
    72794   0 377
    72795   0 377
    72796   0 377
    72797   0 377
    72798   0 377
    72799   0 377
    72800   0 377
    72801   0 377
    72802   0 377
    72803   0 377
    72804   0 377
    72805   0 377
    72806   0 377
    72807   0 377
    72808   0 377
    72809   0 377
    72810   0 377
    72811   0 377
    72812   0 377
    72813   0 377
    72814   0 377
    72815   0 377
    72816   0 377
    72817   0 377
    72818   0 377
    72819   0 377
    72820   0 377
    72821   0 377
    72822   0 377
    72823   0 377
    72824   0 377
    72825   0 377
    72826   0 377
    72827   0 377
    72828   0 377
    72829   0 377
    72830   0 377
    72831   0 377
    72832   0 377
    72833   0 377
    72834   0 377
    72835   0 377
    72836   0 377
    72837   0 377
    72838   0 377
    72839   0 377
    72840   0 377
    72841   0 377
    72842   0 377
    72843   0 377
    72844   0 377
    72845   0 377
    72846   0 377
    72847   0 377
    72848   0 377
    72849   0 377
    72850   0 377
    72851   0 377
    72852   0 377
    72853   0 377
    72854   0 377
    72855   0 377
    72856   0 377
    72857   0 377
    72858   0 377
    72859   0 377
    72860   0 377
    72861   0 377
    72862   0 377
    72863   0 377
    72864   0 377
    72865   0 377
    72866   0 377
    72867   0 377
    72868   0 377
    72869   0 377
    72870   0 377
    72871   0 377
    72872   0 377
    72873   0 377
    72874   0 377
    72875   0 377
    72876   0 377
    72877   0 377
    72878   0 377
    72879   0 377
    72880   0 377
    72881   0 377
    72882   0 377
    72883   0 377
    72884   0 377
    72885   0 377
    72886   0 377
    72887   0 377
    72888   0 377
    72889   0 377
    72890   0 377
    72891   0 377
    72892   0 377
    72893   0 377
    72894   0 377
    72895   0 377
    72896   0 377
    72897   0 377
    72898   0 377
    72899   0 377
    72900   0 377
    72901   0 377
    72902   0 377
    72903   0 377
    72904   0 377
    72905   0 377
    72906   0 377
    72907   0 377
    72908   0 377
    72909   0 377
    72910   0 377
    72911   0 377
    72912   0 377
    72913   0 377
    72914   0 377
    72915   0 377
    72916   0 377
    72917   0 377
    72918   0 377
    72919   0 377
    72920   0 377
    72921   0 377
    72922   0 377
    72923   0 377
    72924   0 377
    72925   0 377
    72926   0 377
    72927   0 377
    72928   0 377
    72929   0 377
    72930   0 377
    72931   0 377
    72932   0 377
    72933   0 377
    72934   0 377
    72935   0 377
    72936   0 377
    72937   0 377
    72938   0 377
    72939   0 377
    72940   0 377
    72941   0 377
    72942   0 377
    72943   0 377
    72944   0 377
    72945   0 377
    72946   0 377
    72947   0 377
    72948   0 377
    72949   0 377
    72950   0 377
    72951   0 377
    72952   0 377
    72953   0 377
    72954   0 377
    72955   0 377
    72956   0 377
    72957   0 377
    72958   0 377
    72959   0 377
    72960   0 377
    72961   0 377
    72962   0 377
    72963   0 377
    72964   0 377
    72965   0 377
    72966   0 377
    72967   0 377
    72968   0 377
    72969   0 377
    72970   0 377
    72971   0 377
    72972   0 377
    72973   0 377
    72974   0 377
    72975   0 377
    72976   0 377
    72977   0 377
    72978   0 377
    72979   0 377
    72980   0 377
    72981   0 377
    72982   0 377
    72983   0 377
    72984   0 377
    72985   0 377
    72986   0 377
    72987   0 377
    72988   0 377
    72989   0 377
    72990   0 377
    72991   0 377
    72992   0 377
    72993   0 377
    72994   0 377
    72995   0 377
    72996   0 377
    72997   0 377
    72998   0 377
    72999   0 377
    73000   0 377
    73001   0 377
    73002   0 377
    73003   0 377
    73004   0 377
    73005   0 377
    73006   0 377
    73007   0 377
    73008   0 377
    73009   0 377
    73010   0 377
    73011   0 377
    73012   0 377
    73013   0 377
    73014   0 377
    73015   0 377
    73016   0 377
    73017   0 377
    73018   0 377
    73019   0 377
    73020   0 377
    73021   0 377
    73022   0 377
    73023   0 377
    73024   0 377
    73025   0 377
    73026   0 377
    73027   0 377
    73028   0 377
    73029   0 377
    73030   0 377
    73031   0 377
    73032   0 377
    73033   0 377
    73034   0 377
    73035   0 377
    73036   0 377
    73037   0 377
    73038   0 377
    73039   0 377
    73040   0 377
    73041   0 377
    73042   0 377
    73043   0 377
    73044   0 377
    73045   0 377
    73046   0 377
    73047   0 377
    73048   0 377
    73049   0 377
    73050   0 377
    73051   0 377
    73052   0 377
    73053   0 377
    73054   0 377
    73055   0 377
    73056   0 377
    73057   0 377
    73058   0 377
    73059   0 377
    73060   0 377
    73061   0 377
    73062   0 377
    73063   0 377
    73064   0 377
    73065   0 377
    73066   0 377
    73067   0 377
    73068   0 377
    73069   0 377
    73070   0 377
    73071   0 377
    73072   0 377
    73073   0 377
    73074   0 377
    73075   0 377
    73076   0 377
    73077   0 377
    73078   0 377
    73079   0 377
    73080   0 377
    73081   0 377
    73082   0 377
    73083   0 377
    73084   0 377
    73085   0 377
    73086   0 377
    73087   0 377
    73088   0 377
    73089   0 377
    73090   0 377
    73091   0 377
    73092   0 377
    73093   0 377
    73094   0 377
    73095   0 377
    73096   0 377
    73097   0 377
    73098   0 377
    73099   0 377
    73100   0 377
    73101   0 377
    73102   0 377
    73103   0 377
    73104   0 377
    73105   0 377
    73106   0 377
    73107   0 377
    73108   0 377
    73109   0 377
    73110   0 377
    73111   0 377
    73112   0 377
    73113   0 377
    73114   0 377
    73115   0 377
    73116   0 377
    73117   0 377
    73118   0 377
    73119   0 377
    73120   0 377
    73121   0 377
    73122   0 377
    73123   0 377
    73124   0 377
    73125   0 377
    73126   0 377
    73127   0 377
    73128   0 377
    73129   0 377
    73130   0 377
    73131   0 377
    73132   0 377
    73133   0 377
    73134   0 377
    73135   0 377
    73136   0 377
    73137   0 377
    73138   0 377
    73139   0 377
    73140   0 377
    73141   0 377
    73142   0 377
    73143   0 377
    73144   0 377
    73145   0 377
    73146   0 377
    73147   0 377
    73148   0 377
    73149   0 377
    73150   0 377
    73151   0 377
    73152   0 377
    73153   0 377
    73154   0 377
    73155   0 377
    73156   0 377
    73157   0 377
    73158   0 377
    73159   0 377
    73160   0 377
    73161   0 377
    73162   0 377
    73163   0 377
    73164   0 377
    73165   0 377
    73166   0 377
    73167   0 377
    73168   0 377
    73169   0 377
    73170   0 377
    73171   0 377
    73172   0 377
    73173   0 377
    73174   0 377
    73175   0 377
    73176   0 377
    73177   0 377
    73178   0 377
    73179   0 377
    73180   0 377
    73181   0 377
    73182   0 377
    73183   0 377
    73184   0 377
    73185   0 377
    73186   0 377
    73187   0 377
    73188   0 377
    73189   0 377
    73190   0 377
    73191   0 377
    73192   0 377
    73193   0 377
    73194   0 377
    73195   0 377
    73196   0 377
    73197   0 377
    73198   0 377
    73199   0 377
    73200   0 377
    73201   0 377
    73202   0 377
    73203   0 377
    73204   0 377
    73205   0 377
    73206   0 377
    73207   0 377
    73208   0 377
    73209   0 377
    73210   0 377
    73211   0 377
    73212   0 377
    73213   0 377
    73214   0 377
    73215   0 377
    73216   0 377
    73217   0 377
    73218   0 377
    73219   0 377
    73220   0 377
    73221   0 377
    73222   0 377
    73223   0 377
    73224   0 377
    73225   0 377
    73226   0 377
    73227   0 377
    73228   0 377
    73229   0 377
    73230   0 377
    73231   0 377
    73232   0 377
    73233   0 377
    73234   0 377
    73235   0 377
    73236   0 377
    73237   0 377
    73238   0 377
    73239   0 377
    73240   0 377
    73241   0 377
    73242   0 377
    73243   0 377
    73244   0 377
    73245   0 377
    73246   0 377
    73247   0 377
    73248   0 377
    73249   0 377
    73250   0 377
    73251   0 377
    73252   0 377
    73253   0 377
    73254   0 377
    73255   0 377
    73256   0 377
    73257   0 377
    73258   0 377
    73259   0 377
    73260   0 377
    73261   0 377
    73262   0 377
    73263   0 377
    73264   0 377
    73265   0 377
    73266   0 377
    73267   0 377
    73268   0 377
    73269   0 377
    73270   0 377
    73271   0 377
    73272   0 377
    73273   0 377
    73274   0 377
    73275   0 377
    73276   0 377
    73277   0 377
    73278   0 377
    73279   0 377
    73280   0 377
    73281   0 377
    73282   0 377
    73283   0 377
    73284   0 377
    73285   0 377
    73286   0 377
    73287   0 377
    73288   0 377
    73289   0 377
    73290   0 377
    73291   0 377
    73292   0 377
    73293   0 377
    73294   0 377
    73295   0 377
    73296   0 377
    73297   0 377
    73298   0 377
    73299   0 377
    73300   0 377
    73301   0 377
    73302   0 377
    73303   0 377
    73304   0 377
    73305   0 377
    73306   0 377
    73307   0 377
    73308   0 377
    73309   0 377
    73310   0 377
    73311   0 377
    73312   0 377
    73313   0 377
    73314   0 377
    73315   0 377
    73316   0 377
    73317   0 377
    73318   0 377
    73319   0 377
    73320   0 377
    73321   0 377
    73322   0 377
    73323   0 377
    73324   0 377
    73325   0 377
    73326   0 377
    73327   0 377
    73328   0 377
    73329   0 377
    73330   0 377
    73331   0 377
    73332   0 377
    73333   0 377
    73334   0 377
    73335   0 377
    73336   0 377
    73337   0 377
    73338   0 377
    73339   0 377
    73340   0 377
    73341   0 377
    73342   0 377
    73343   0 377
    73344   0 377
    73345   0 377
    73346   0 377
    73347   0 377
    73348   0 377
    73349   0 377
    73350   0 377
    73351   0 377
    73352   0 377
    73353   0 377
    73354   0 377
    73355   0 377
    73356   0 377
    73357   0 377
    73358   0 377
    73359   0 377
    73360   0 377
    73361   0 377
    73362   0 377
    73363   0 377
    73364   0 377
    73365   0 377
    73366   0 377
    73367   0 377
    73368   0 377
    73369   0 377
    73370   0 377
    73371   0 377
    73372   0 377
    73373   0 377
    73374   0 377
    73375   0 377
    73376   0 377
    73377   0 377
    73378   0 377
    73379   0 377
    73380   0 377
    73381   0 377
    73382   0 377
    73383   0 377
    73384   0 377
    73385   0 377
    73386   0 377
    73387   0 377
    73388   0 377
    73389   0 377
    73390   0 377
    73391   0 377
    73392   0 377
    73393   0 377
    73394   0 377
    73395   0 377
    73396   0 377
    73397   0 377
    73398   0 377
    73399   0 377
    73400   0 377
    73401   0 377
    73402   0 377
    73403   0 377
    73404   0 377
    73405   0 377
    73406   0 377
    73407   0 377
    73408   0 377
    73409   0 377
    73410   0 377
    73411   0 377
    73412   0 377
    73413   0 377
    73414   0 377
    73415   0 377
    73416   0 377
    73417   0 377
    73418   0 377
    73419   0 377
    73420   0 377
    73421   0 377
    73422   0 377
    73423   0 377
    73424   0 377
    73425   0 377
    73426   0 377
    73427   0 377
    73428   0 377
    73429   0 377
    73430   0 377
    73431   0 377
    73432   0 377
    73433   0 377
    73434   0 377
    73435   0 377
    73436   0 377
    73437   0 377
    73438   0 377
    73439   0 377
    73440   0 377
    73441   0 377
    73442   0 377
    73443   0 377
    73444   0 377
    73445   0 377
    73446   0 377
    73447   0 377
    73448   0 377
    73449   0 377
    73450   0 377
    73451   0 377
    73452   0 377
    73453   0 377
    73454   0 377
    73455   0 377
    73456   0 377
    73457   0 377
    73458   0 377
    73459   0 377
    73460   0 377
    73461   0 377
    73462   0 377
    73463   0 377
    73464   0 377
    73465   0 377
    73466   0 377
    73467   0 377
    73468   0 377
    73469   0 377
    73470   0 377
    73471   0 377
    73472   0 377
    73473   0 377
    73474   0 377
    73475   0 377
    73476   0 377
    73477   0 377
    73478   0 377
    73479   0 377
    73480   0 377
    73481   0 377
    73482   0 377
    73483   0 377
    73484   0 377
    73485   0 377
    73486   0 377
    73487   0 377
    73488   0 377
    73489   0 377
    73490   0 377
    73491   0 377
    73492   0 377
    73493   0 377
    73494   0 377
    73495   0 377
    73496   0 377
    73497   0 377
    73498   0 377
    73499   0 377
    73500   0 377
    73501   0 377
    73502   0 377
    73503   0 377
    73504   0 377
    73505   0 377
    73506   0 377
    73507   0 377
    73508   0 377
    73509   0 377
    73510   0 377
    73511   0 377
    73512   0 377
    73513   0 377
    73514   0 377
    73515   0 377
    73516   0 377
    73517   0 377
    73518   0 377
    73519   0 377
    73520   0 377
    73521   0 377
    73522   0 377
    73523   0 377
    73524   0 377
    73525   0 377
    73526   0 377
    73527   0 377
    73528   0 377
    73529   0 377
    73530   0 377
    73531   0 377
    73532   0 377
    73533   0 377
    73534   0 377
    73535   0 377
    73536   0 377
    73537   0 377
    73538   0 377
    73539   0 377
    73540   0 377
    73541   0 377
    73542   0 377
    73543   0 377
    73544   0 377
    73545   0 377
    73546   0 377
    73547   0 377
    73548   0 377
    73549   0 377
    73550   0 377
    73551   0 377
    73552   0 377
    73553   0 377
    73554   0 377
    73555   0 377
    73556   0 377
    73557   0 377
    73558   0 377
    73559   0 377
    73560   0 377
    73561   0 377
    73562   0 377
    73563   0 377
    73564   0 377
    73565   0 377
    73566   0 377
    73567   0 377
    73568   0 377
    73569   0 377
    73570   0 377
    73571   0 377
    73572   0 377
    73573   0 377
    73574   0 377
    73575   0 377
    73576   0 377
    73577   0 377
    73578   0 377
    73579   0 377
    73580   0 377
    73581   0 377
    73582   0 377
    73583   0 377
    73584   0 377
    73585   0 377
    73586   0 377
    73587   0 377
    73588   0 377
    73589   0 377
    73590   0 377
    73591   0 377
    73592   0 377
    73593   0 377
    73594   0 377
    73595   0 377
    73596   0 377
    73597   0 377
    73598   0 377
    73599   0 377
    73600   0 377
    73601   0 377
    73602   0 377
    73603   0 377
    73604   0 377
    73605   0 377
    73606   0 377
    73607   0 377
    73608   0 377
    73609   0 377
    73610   0 377
    73611   0 377
    73612   0 377
    73613   0 377
    73614   0 377
    73615   0 377
    73616   0 377
    73617   0 377
    73618   0 377
    73619   0 377
    73620   0 377
    73621   0 377
    73622   0 377
    73623   0 377
    73624   0 377
    73625   0 377
    73626   0 377
    73627   0 377
    73628   0 377
    73629   0 377
    73630   0 377
    73631   0 377
    73632   0 377
    73633   0 377
    73634   0 377
    73635   0 377
    73636   0 377
    73637   0 377
    73638   0 377
    73639   0 377
    73640   0 377
    73641   0 377
    73642   0 377
    73643   0 377
    73644   0 377
    73645   0 377
    73646   0 377
    73647   0 377
    73648   0 377
    73649   0 377
    73650   0 377
    73651   0 377
    73652   0 377
    73653   0 377
    73654   0 377
    73655   0 377
    73656   0 377
    73657   0 377
    73658   0 377
    73659   0 377
    73660   0 377
    73661   0 377
    73662   0 377
    73663   0 377
    73664   0 377
    73665   0 377
    73666   0 377
    73667   0 377
    73668   0 377
    73669   0 377
    73670   0 377
    73671   0 377
    73672   0 377
    73673   0 377
    73674   0 377
    73675   0 377
    73676   0 377
    73677   0 377
    73678   0 377
    73679   0 377
    73680   0 377
    73681   0 377
    73682   0 377
    73683   0 377
    73684   0 377
    73685   0 377
    73686   0 377
    73687   0 377
    73688   0 377
    73689   0 377
    73690   0 377
    73691   0 377
    73692   0 377
    73693   0 377
    73694   0 377
    73695   0 377
    73696   0 377
    73697   0 377
    73698   0 377
    73699   0 377
    73700   0 377
    73701   0 377
    73702   0 377
    73703   0 377
    73704   0 377
    73705   0 377
    73706   0 377
    73707   0 377
    73708   0 377
    73709   0 377
    73710   0 377
    73711   0 377
    73712   0 377
    73713   0 377
    73714   0 377
    73715   0 377
    73716   0 377
    73717   0 377
    73718   0 377
    73719   0 377
    73720   0 377
    73721   0 377
    73722   0 377
    73723   0 377
    73724   0 377
    73725   0 377
    73726   0 377
    73727   0 377
    73728   0 377
